Initial Board:
5 8 5 9 9 4 7 6 8 8 
9 5 9 2 5 1 1 1 6 7 
1 3 4 8 7 1 4 6 * 4 
6 4 2 1 8 2 7 5 8 8 
4 7 9 1 5 2 6 6 9 9 
7 1 3 8 1 4 7 6 7 5 
1 8 8 6 6 5 5 7 7 8 
2 2 5 6 8 4 3 4 7 2 
7 8 5 4 7 9 9 2 6 8 
5 7 6 2 9 7 8 9 6 7 

Step 1:
5 8 5 9 9 4 7 6 8 8 
9 5 9 2 5 1 1 * 6 7 
1 3 4 8 7 1 4 6   4 
6 4 2 1 8 2 7 5 8 8 
4 7 9 1 5 2 6 6 9 9 
7 1 3 8 1 4 7 6 7 5 
1 8 8 6 6 5 5 7 7 8 
2 2 5 6 8 4 3 4 7 2 
7 8 5 4 7 9 9 2 6 8 
5 7 6 2 9 7 8 9 6 7 

Step 2:
5 8 5 9 9 4 7 6 8 8 
9 5 9 2 5 1 1   6 7 
1 3 4 8 7 1 4 6   4 
6 4 2 1 8 2 7 5 8 8 
4 7 9 1 5 2 6 6 9 9 
7 1 3 8 1 4 7 6 7 5 
1 8 8 6 6 5 5 7 7 8 
2 2 5 6 8 4 3 * 7 2 
7 8 5 4 7 9 9 2 6 8 
5 7 6 2 9 7 8 9 6 7 

Step 3:
5 8 5 9 9 4 7 * 8 8 
9 5 9 2 5 1 1   6 7 
1 3 4 8 7 1 4 6   4 
6 4 2 1 8 2 7 5 8 8 
4 7 9 1 5 2 6 6 9 9 
7 1 3 8 1 4 7 6 7 5 
1 8 8 6 6 5 5 7 7 8 
2 2 5 6 8 4 3   7 2 
7 8 5 4 7 9 9 2 6 8 
5 7 6 2 9 7 8 9 6 7 

Step 4:
* 8 5 9 9 4 7   8 8 
9 5 9 2 5 1 1   6 7 
1 3 4 8 7 1 4 6   4 
6 4 2 1 8 2 7 5 8 8 
4 7 9 1 5 2 6 6 9 9 
7 1 3 8 1 4 7 6 7 5 
1 8 8 6 6 5 5 7 7 8 
2 2 5 6 8 4 3   7 2 
7 8 5 4 7 9 9 2 6 8 
5 7 6 2 9 7 8 9 6 7 

Step 5:
  8 5 9 9 4 7   8 8 
9 5 9 2 5 1 1   6 7 
1 3 4 8 7 1 4 6   4 
6 4 2 1 8 2 7 5 8 8 
4 7 9 1 5 2 6 6 9 9 
7 1 3 8 1 4 7 6 7 5 
1 8 8 6 6 5 5 7 7 8 
2 2 5 6 8 4 3   7 2 
7 8 5 4 7 9 9 2 6 8 
* 7 6 2 9 7 8 9 6 7 

Step 6:
  8 5 9 9 4 7   8 8 
9 5 9 2 5 1 1   6 7 
* 3 4 8 7 1 4 6   4 
6 4 2 1 8 2 7 5 8 8 
4 7 9 1 5 2 6 6 9 9 
7 1 3 8 1 4 7 6 7 5 
1 8 8 6 6 5 5 7 7 8 
2 2 5 6 8 4 3   7 2 
7 8 5 4 7 9 9 2 6 8 
  7 6 2 9 7 8 9 6 7 

Step 7:
  8 5 9 9 4 7   8 8 
9 5 9 2 5 1 1   6 7 
  3 4 8 7 1 4 6   4 
6 4 2 1 8 2 7 5 8 8 
4 7 9 1 5 2 6 6 9 9 
7 1 3 8 1 4 7 6 7 5 
1 8 8 6 * 5 5 7 7 8 
2 2 5 6 8 4 3   7 2 
7 8 5 4 7 9 9 2 6 8 
  7 6 2 9 7 8 9 6 7 

Step 8:
  8 5 9 9 4 7   8 8 
9 5 9 2 5 1 1   6 7 
  3 4 8 7 1 4 6   4 
6 4 2 1 8 2 7 5 8 8 
4 7 9 1 5 2 6 6 9 9 
7 1 3 8 * 4 7 6 7 5 
1 8 8 6   5 5 7 7 8 
2 2 5 6 8 4 3   7 2 
7 8 5 4 7 9 9 2 6 8 
  7 6 2 9 7 8 9 6 7 

Step 9:
  8 5 9 * 4 7   8 8 
9 5 9 2 5 1 1   6 7 
  3 4 8 7 1 4 6   4 
6 4 2 1 8 2 7 5 8 8 
4 7 9 1 5 2 6 6 9 9 
7 1 3 8   4 7 6 7 5 
1 8 8 6   5 5 7 7 8 
2 2 5 6 8 4 3   7 2 
7 8 5 4 7 9 9 2 6 8 
  7 6 2 9 7 8 9 6 7 

Step 10:
  8 5 9   4 7   * 8 
9 5 9 2 5 1 1   6 7 
  3 4 8 7 1 4 6   4 
6 4 2 1 8 2 7 5 8 8 
4 7 9 1 5 2 6 6 9 9 
7 1 3 8   4 7 6 7 5 
1 8 8 6   5 5 7 7 8 
2 2 5 6 8 4 3   7 2 
7 8 5 4 7 9 9 2 6 8 
  7 6 2 9 7 8 9 6 7 

Step 11:
  8 5 9   4 7     8 
9 5 9 2 5 1 1   6 7 
  3 4 8 7 1 4 6   4 
6 4 2 1 8 2 7 5 8 8 
4 7 9 1 5 2 6 6 9 9 
7 1 3 8   4 7 6 7 5 
1 8 8 6   5 5 7 * 8 
2 2 5 6 8 4 3   7 2 
7 8 5 4 7 9 9 2 6 8 
  7 6 2 9 7 8 9 6 7 

Step 12:
  8 5 9   4 7     8 
9 5 9 2 5 1 1   6 7 
  3 4 8 7 1 4 6   4 
6 4 2 1 8 2 7 5 8 8 
4 7 9 1 5 2 6 6 9 9 
7 1 3 8   4 7 6 7 5 
1 * 8 6   5 5 7   8 
2 2 5 6 8 4 3   7 2 
7 8 5 4 7 9 9 2 6 8 
  7 6 2 9 7 8 9 6 7 

Step 13:
  8 5 9   4 7     8 
9 5 9 2 5 1 1   6 7 
  3 4 8 7 1 4 6   4 
6 4 2 1 8 2 7 5 8 8 
4 7 9 1 5 2 6 6 9 9 
7 1 3 8   4 7 6 7 5 
1   8 6   5 5 7   * 
2 2 5 6 8 4 3   7 2 
7 8 5 4 7 9 9 2 6 8 
  7 6 2 9 7 8 9 6 7 

Step 14:
  8 5 9   4 7     8 
9 5 9 2 5 1 1   6 * 
  3 4 8 7 1 4 6   4 
6 4 2 1 8 2 7 5 8 8 
4 7 9 1 5 2 6 6 9 9 
7 1 3 8   4 7 6 7 5 
1   8 6   5 5 7     
2 2 5 6 8 4 3   7 2 
7 8 5 4 7 9 9 2 6 8 
  7 6 2 9 7 8 9 6 7 

Step 15:
  8 5 9   4 7     8 
9 5 9 * 5 1 1   6   
  3 4 8 7 1 4 6   4 
6 4 2 1 8 2 7 5 8 8 
4 7 9 1 5 2 6 6 9 9 
7 1 3 8   4 7 6 7 5 
1   8 6   5 5 7     
2 2 5 6 8 4 3   7 2 
7 8 5 4 7 9 9 2 6 8 
  7 6 2 9 7 8 9 6 7 

Step 16:
  8 5 9   4 7     8 
9 5 9   5 1 1   *   
  3 4 8 7 1 4 6   4 
6 4 2 1 8 2 7 5 8 8 
4 7 9 1 5 2 6 6 9 9 
7 1 3 8   4 7 6 7 5 
1   8 6   5 5 7     
2 2 5 6 8 4 3   7 2 
7 8 5 4 7 9 9 2 6 8 
  7 6 2 9 7 8 9 6 7 

Step 17:
  8 5 9   4 7     8 
9 5 9   5 1 1       
  3 4 8 7 1 4 6   4 
6 4 2 1 8 2 7 5 8 8 
4 7 9 1 5 2 6 6 9 9 
7 1 3 8   4 7 6 7 5 
1   8 6   5 5 7     
2 2 * 6 8 4 3   7 2 
7 8 5 4 7 9 9 2 6 8 
  7 6 2 9 7 8 9 6 7 

Step 18:
  8 5 9   4 7     8 
9 5 9   5 1 1       
  3 4 8 7 1 4 6   4 
6 4 2 1 8 2 7 5 8 8 
4 7 9 1 5 2 6 6 9 9 
7 1 3 8   4 7 6 7 5 
1   8 6   5 5 7     
* 2   6 8 4 3   7 2 
7 8 5 4 7 9 9 2 6 8 
  7 6 2 9 7 8 9 6 7 

Step 19:
  8 5 9   4 7     8 
9 5 9   5 1 1       
  3 4 8 7 1 4 6   4 
6 4 2 1 8 2 7 5 8 8 
4 7 9 1 5 2 6 6 9 9 
7 1 3 8   4 7 6 7 5 
*   8 6   5 5 7     
  2   6 8 4 3   7 2 
7 8 5 4 7 9 9 2 6 8 
  7 6 2 9 7 8 9 6 7 

Step 20:
  8 5 9   4 7     8 
9 5 9   5 1 1       
  3 4 8 7 1 4 6   4 
6 4 2 1 8 2 7 5 8 8 
4 7 9 1 5 2 6 6 9 9 
7 1 3 8   4 7 6 7 5 
    8 6   5 5 7     
  2   6 8 4 3   7 2 
7 8 * 4 7 9 9 2 6 8 
  7 6 2 9 7 8 9 6 7 

Step 21:
  8 5 9   4 7     8 
9 5 9   5 1 1       
  3 4 8 7 1 4 6   4 
6 4 2 1 8 2 7 5 8 8 
4 7 9 1 5 2 6 6 9 9 
7 1 3 8   4 7 6 7 5 
    8 6   5 5 7     
  2   6 8 4 3   7 2 
7 8   4 7 9 * 2 6 8 
  7 6 2 9 7 8 9 6 7 

Step 22:
  8 5 9   4 7     8 
9 5 9   5 1 1       
  3 4 8 7 1 4 6   4 
6 4 2 1 8 2 7 5 8 8 
4 7 9 1 5 2 6 6 9 9 
7 1 3 8   4 * 6 7 5 
    8 6   5 5 7     
  2   6 8 4 3   7 2 
7 8   4 7 9   2 6 8 
  7 6 2 9 7 8 9 6 7 

Step 23:
  8 5 9   4 7     8 
9 5 9   5 1 1       
  3 4 8 7 1 4 6   4 
6 4 2 1 * 2 7 5 8 8 
4 7 9 1 5 2 6 6 9 9 
7 1 3 8   4   6 7 5 
    8 6   5 5 7     
  2   6 8 4 3   7 2 
7 8   4 7 9   2 6 8 
  7 6 2 9 7 8 9 6 7 

Step 24:
  8 5 9   4 7     8 
9 5 9   5 1 1       
  3 4 8 7 1 4 6   4 
6 4 2 1   2 * 5 8 8 
4 7 9 1 5 2 6 6 9 9 
7 1 3 8   4   6 7 5 
    8 6   5 5 7     
  2   6 8 4 3   7 2 
7 8   4 7 9   2 6 8 
  7 6 2 9 7 8 9 6 7 

Step 25:
  8 5 9   4 7     8 
9 5 9   5 1 1       
  3 4 8 7 1 4 6   4 
6 4 2 1   2   5 8 8 
4 7 9 1 5 2 6 6 9 9 
7 1 3 8   4   6 7 5 
    8 6   5 5 7     
  2   6 8 4 3   7 2 
7 8   4 7 9   2 6 8 
  7 6 2 9 7 * 9 6 7 

Step 26:
  8 5 9   4 7     8 
9 5 9   5 1 1       
  3 4 8 7 1 4 6   4 
6 4 2 1   2   5 8 8 
4 7 9 1 5 2 6 6 9 9 
7 1 3 8   4   6 7 5 
    8 6   5 5 7     
  2   6 8 4 3   * 2 
7 8   4 7 9   2 6 8 
  7 6 2 9 7   9 6 7 

Step 27:
  * 5 9   4 7     8 
9 5 9   5 1 1       
  3 4 8 7 1 4 6   4 
6 4 2 1   2   5 8 8 
4 7 9 1 5 2 6 6 9 9 
7 1 3 8   4   6 7 5 
    8 6   5 5 7     
  2   6 8 4 3     2 
7 8   4 7 9   2 6 8 
  7 6 2 9 7   9 6 7 

Step 28:
    5 9   4 *     8 
9 5 9   5 1 1       
  3 4 8 7 1 4 6   4 
6 4 2 1   2   5 8 8 
4 7 9 1 5 2 6 6 9 9 
7 1 3 8   4   6 7 5 
    8 6   5 5 7     
  2   6 8 4 3     2 
7 8   4 7 9   2 6 8 
  7 6 2 9 7   9 6 7 

Step 29:
    * 9   4       8 
9 5 9   5 1 1       
  3 4 8 7 1 4 6   4 
6 4 2 1   2   5 8 8 
4 7 9 1 5 2 6 6 9 9 
7 1 3 8   4   6 7 5 
    8 6   5 5 7     
  2   6 8 4 3     2 
7 8   4 7 9   2 6 8 
  7 6 2 9 7   9 6 7 

Step 30:
      9   4       8 
9 5 9   5 1 1       
  3 4 8 7 1 4 6   4 
6 4 2 1   2   5 8 8 
4 7 9 1 5 2 6 6 9 9 
7 1 3 8   4   6 7 5 
    8 6   5 5 7     
  2   6 8 4 3     2 
7 8   4 7 9   2 6 8 
  7 * 2 9 7   9 6 7 

Step 31:
      9   4       8 
9 5 9   5 1 1       
  3 4 8 7 1 4 6   4 
6 4 2 1   2   5 8 8 
4 7 9 1 5 2 6 6 9 9 
7 1 3 8   4   6 7 5 
    8 6   5 5 7     
  2   6 8 4 3     2 
7 8   4 7 9   2 6 8 
  7   2 * 7   9 6 7 

Step 32:
      9   4       8 
9 5 9   5 1 1       
  3 4 8 * 1 4 6   4 
6 4 2 1   2   5 8 8 
4 7 9 1 5 2 6 6 9 9 
7 1 3 8   4   6 7 5 
    8 6   5 5 7     
  2   6 8 4 3     2 
7 8   4 7 9   2 6 8 
  7   2   7   9 6 7 

Step 33:
      9   4       8 
9 5 9   5 1 1       
  3 4 8   * 4 6   4 
6 4 2 1   2   5 8 8 
4 7 9 1 5 2 6 6 9 9 
7 1 3 8   4   6 7 5 
    8 6   5 5 7     
  2   6 8 4 3     2 
7 8   4 7 9   2 6 8 
  7   2   7   9 6 7 

Step 34:
      9   4       8 
9 5 9   5 1 1       
  3 4 8     4 6   4 
6 4 2 1   2   5 8 8 
4 7 9 1 5 * 6 6 9 9 
7 1 3 8   4   6 7 5 
    8 6   5 5 7     
  2   6 8 4 3     2 
7 8   4 7 9   2 6 8 
  7   2   7   9 6 7 

Step 35:
      9   4       8 
9 5 9   5 1 1       
  3 4 8     4 6   4 
6 4 2 1   2   5 8 8 
* 7 9 1 5   6 6 9 9 
7 1 3 8   4   6 7 5 
    8 6   5 5 7     
  2   6 8 4 3     2 
7 8   4 7 9   2 6 8 
  7   2   7   9 6 7 

Step 36:
      9   4       8 
9 5 9   5 1 1       
  3 4 8     4 6   4 
6 4 2 1   2   5 8 8 
  7 9 1 5   6 * 9 9 
7 1 3 8   4   6 7 5 
    8 6   5 5 7     
  2   6 8 4 3     2 
7 8   4 7 9   2 6 8 
  7   2   7   9 6 7 

Step 37:
      9   4       8 
9 5 9   5 1 1       
  3 4 8     4 6   4 
6 4 2 1   2   5 8 8 
  * 9 1 5   6   9 9 
7 1 3 8   4   6 7 5 
    8 6   5 5 7     
  2   6 8 4 3     2 
7 8   4 7 9   2 6 8 
  7   2   7   9 6 7 

Step 38:
      9   4       8 
9 5 9   5 1 1       
  3 4 *     4 6   4 
6 4 2 1   2   5 8 8 
    9 1 5   6   9 9 
7 1 3 8   4   6 7 5 
    8 6   5 5 7     
  2   6 8 4 3     2 
7 8   4 7 9   2 6 8 
  7   2   7   9 6 7 

Step 39:
      9   4       8 
9 5 9   5 1 1       
  3 4       4 6   4 
6 4 2 *   2   5 8 8 
    9 1 5   6   9 9 
7 1 3 8   4   6 7 5 
    8 6   5 5 7     
  2   6 8 4 3     2 
7 8   4 7 9   2 6 8 
  7   2   7   9 6 7 

Step 40:
      9   4       8 
9 5 9   5 1 1       
  3 4       4 6   4 
6 4 2     2   5 8 8 
    9 * 5   6   9 9 
7 1 3 8   4   6 7 5 
    8 6   5 5 7     
  2   6 8 4 3     2 
7 8   4 7 9   2 6 8 
  7   2   7   9 6 7 

Step 41:
      9   4       8 
9 5 9   5 1 1       
  3 4       4 6   4 
6 4 2     2   5 8 8 
    9   5   6   * 9 
7 1 3 8   4   6 7 5 
    8 6   5 5 7     
  2   6 8 4 3     2 
7 8   4 7 9   2 6 8 
  7   2   7   9 6 7 

