Initial Board:
5 4 9 8 3 3 2 8 2 8 
2 6 9 9 1 9 9 2 6 3 
8 1 4 3 * 4 1 1 3 9 
3 8 1 7 6 8 2 2 1 7 
4 8 4 3 4 9 1 1 6 7 
8 4 6 6 9 9 1 2 3 6 
7 9 8 2 7 3 2 4 3 2 
6 8 1 3 6 4 1 6 9 5 
5 7 8 8 4 2 8 3 1 7 
2 6 7 2 9 6 7 4 3 5 

Step 1:
5 4 9 8 3 3 2 8 2 8 
2 6 9 9 * 9 9 2 6 3 
8 1 4 3   4 1 1 3 9 
3 8 1 7 6 8 2 2 1 7 
4 8 4 3 4 9 1 1 6 7 
8 4 6 6 9 9 1 2 3 6 
7 9 8 2 7 3 2 4 3 2 
6 8 1 3 6 4 1 6 9 5 
5 7 8 8 4 2 8 3 1 7 
2 6 7 2 9 6 7 4 3 5 

Step 2:
5 4 9 8 3 3 2 8 2 8 
2 6 9 9   9 9 2 6 3 
8 1 4 3   4 1 1 3 9 
3 8 1 7 6 8 2 2 1 7 
4 * 4 3 4 9 1 1 6 7 
8 4 6 6 9 9 1 2 3 6 
7 9 8 2 7 3 2 4 3 2 
6 8 1 3 6 4 1 6 9 5 
5 7 8 8 4 2 8 3 1 7 
2 6 7 2 9 6 7 4 3 5 

Step 3:
5 4 9 8 3 3 2 8 2 8 
2 6 9 9   9 9 2 6 3 
8 1 4 3   4 1 1 3 9 
3 8 1 7 6 8 2 2 1 7 
4   4 3 4 9 1 1 6 7 
8 4 6 6 9 9 1 2 3 6 
7 9 8 2 7 3 2 4 3 2 
6 8 1 3 6 4 1 6 9 5 
5 * 8 8 4 2 8 3 1 7 
2 6 7 2 9 6 7 4 3 5 

Step 4:
5 * 9 8 3 3 2 8 2 8 
2 6 9 9   9 9 2 6 3 
8 1 4 3   4 1 1 3 9 
3 8 1 7 6 8 2 2 1 7 
4   4 3 4 9 1 1 6 7 
8 4 6 6 9 9 1 2 3 6 
7 9 8 2 7 3 2 4 3 2 
6 8 1 3 6 4 1 6 9 5 
5   8 8 4 2 8 3 1 7 
2 6 7 2 9 6 7 4 3 5 

Step 5:
5   9 8 3 3 2 8 2 8 
2 6 9 9   9 9 2 6 3 
8 1 4 3   4 1 1 3 9 
3 8 1 7 6 8 2 2 1 7 
4   4 3 4 9 1 1 6 7 
8 4 6 6 9 9 1 2 3 6 
7 * 8 2 7 3 2 4 3 2 
6 8 1 3 6 4 1 6 9 5 
5   8 8 4 2 8 3 1 7 
2 6 7 2 9 6 7 4 3 5 

Step 6:
5   9 8 3 3 2 8 2 8 
2 6 9 9   9 9 2 6 3 
8 * 4 3   4 1 1 3 9 
3 8 1 7 6 8 2 2 1 7 
4   4 3 4 9 1 1 6 7 
8 4 6 6 9 9 1 2 3 6 
7   8 2 7 3 2 4 3 2 
6 8 1 3 6 4 1 6 9 5 
5   8 8 4 2 8 3 1 7 
2 6 7 2 9 6 7 4 3 5 

Step 7:
5   9 8 3 3 2 8 2 8 
2 6 9 9   9 9 2 6 3 
8   4 3   * 1 1 3 9 
3 8 1 7 6 8 2 2 1 7 
4   4 3 4 9 1 1 6 7 
8 4 6 6 9 9 1 2 3 6 
7   8 2 7 3 2 4 3 2 
6 8 1 3 6 4 1 6 9 5 
5   8 8 4 2 8 3 1 7 
2 6 7 2 9 6 7 4 3 5 

Step 8:
5   9 8 3 3 2 8 2 8 
2 6 9 9   9 9 2 6 3 
8   4 3     * 1 3 9 
3 8 1 7 6 8 2 2 1 7 
4   4 3 4 9 1 1 6 7 
8 4 6 6 9 9 1 2 3 6 
7   8 2 7 3 2 4 3 2 
6 8 1 3 6 4 1 6 9 5 
5   8 8 4 2 8 3 1 7 
2 6 7 2 9 6 7 4 3 5 

Step 9:
5   9 8 3 3 2 8 2 8 
2 6 9 9   9 9 2 6 3 
8   4 3       1 3 9 
3 8 1 7 6 8 2 2 1 7 
4   4 3 4 9 * 1 6 7 
8 4 6 6 9 9 1 2 3 6 
7   8 2 7 3 2 4 3 2 
6 8 1 3 6 4 1 6 9 5 
5   8 8 4 2 8 3 1 7 
2 6 7 2 9 6 7 4 3 5 

Step 10:
5   9 8 3 3 2 8 2 8 
2 6 9 9   9 9 2 6 3 
8   4 3       1 3 9 
3 8 1 7 6 8 2 2 1 7 
4   4 3 4 9   1 6 7 
8 4 6 6 9 9 * 2 3 6 
7   8 2 7 3 2 4 3 2 
6 8 1 3 6 4 1 6 9 5 
5   8 8 4 2 8 3 1 7 
2 6 7 2 9 6 7 4 3 5 

Step 11:
5   9 8 3 3 2 8 2 8 
2 6 9 9   9 9 2 6 3 
8   4 3       1 3 9 
3 8 1 7 6 8 2 2 1 7 
4   4 3 4 9   1 6 7 
8 4 6 6 9 9   2 3 6 
7   8 2 7 3 2 4 3 2 
6 8 1 3 6 4 * 6 9 5 
5   8 8 4 2 8 3 1 7 
2 6 7 2 9 6 7 4 3 5 

Step 12:
5   9 8 3 3 2 8 2 8 
2 6 9 9   9 9 2 6 3 
8   4 3       1 3 9 
3 8 1 7 6 8 2 2 1 7 
4   4 3 4 9   1 6 7 
8 4 6 6 9 9   2 3 6 
7   8 2 7 3 2 4 3 2 
6 8 * 3 6 4   6 9 5 
5   8 8 4 2 8 3 1 7 
2 6 7 2 9 6 7 4 3 5 

Step 13:
5   9 8 3 3 2 8 2 8 
2 6 9 9   9 9 2 6 3 
8   4 3       1 3 9 
3 8 1 7 6 8 2 2 1 7 
4   4 3 4 9   1 6 7 
8 4 6 6 9 9   2 3 6 
7   8 2 7 3 2 4 3 2 
6 8   3 6 *   6 9 5 
5   8 8 4 2 8 3 1 7 
2 6 7 2 9 6 7 4 3 5 

Step 14:
5   9 8 3 3 2 8 2 8 
2 6 9 9   9 9 2 6 3 
8   4 3       1 3 9 
3 8 1 7 6 8 2 2 1 7 
4   4 3 4 *   1 6 7 
8 4 6 6 9 9   2 3 6 
7   8 2 7 3 2 4 3 2 
6 8   3 6     6 9 5 
5   8 8 4 2 8 3 1 7 
2 6 7 2 9 6 7 4 3 5 

Step 15:
5   9 8 3 3 2 8 2 8 
2 6 9 9   9 9 2 6 3 
8   4 3       * 3 9 
3 8 1 7 6 8 2 2 1 7 
4   4 3 4     1 6 7 
8 4 6 6 9 9   2 3 6 
7   8 2 7 3 2 4 3 2 
6 8   3 6     6 9 5 
5   8 8 4 2 8 3 1 7 
2 6 7 2 9 6 7 4 3 5 

Step 16:
5   9 8 3 3 2 * 2 8 
2 6 9 9   9 9 2 6 3 
8   4 3         3 9 
3 8 1 7 6 8 2 2 1 7 
4   4 3 4     1 6 7 
8 4 6 6 9 9   2 3 6 
7   8 2 7 3 2 4 3 2 
6 8   3 6     6 9 5 
5   8 8 4 2 8 3 1 7 
2 6 7 2 9 6 7 4 3 5 

Step 17:
5   9 8 3 * 2   2 8 
2 6 9 9   9 9 2 6 3 
8   4 3         3 9 
3 8 1 7 6 8 2 2 1 7 
4   4 3 4     1 6 7 
8 4 6 6 9 9   2 3 6 
7   8 2 7 3 2 4 3 2 
6 8   3 6     6 9 5 
5   8 8 4 2 8 3 1 7 
2 6 7 2 9 6 7 4 3 5 

Step 18:
5   9 8 3   2   2 8 
2 6 9 9   9 9 2 6 3 
8   4 3         3 9 
3 8 1 7 6 8 2 2 1 7 
4   4 3 4     1 6 7 
8 4 6 6 9 9   2 3 6 
7   8 2 7 3 2 4 3 2 
6 8   3 6     6 9 5 
5   8 8 4 2 8 3 1 7 
2 6 7 2 9 * 7 4 3 5 

Step 19:
5   9 8 3   2   2 8 
2 6 9 9   9 9 2 6 3 
8   4 3         3 9 
3 8 1 7 6 8 2 2 1 7 
4   4 3 4     1 6 7 
8 * 6 6 9 9   2 3 6 
7   8 2 7 3 2 4 3 2 
6 8   3 6     6 9 5 
5   8 8 4 2 8 3 1 7 
2 6 7 2 9   7 4 3 5 

Step 20:
5   9 8 3   2   2 8 
2 6 9 9   9 9 2 6 3 
8   4 3         3 9 
3 8 1 7 6 8 2 2 1 7 
4   4 3 4     1 6 7 
8   6 6 9 9   * 3 6 
7   8 2 7 3 2 4 3 2 
6 8   3 6     6 9 5 
5   8 8 4 2 8 3 1 7 
2 6 7 2 9   7 4 3 5 

Step 21:
5   9 8 3   2   2 8 
2 6 9 9   9 9 2 6 3 
8   4 3         3 9 
3 8 1 7 6 8 2 2 1 7 
4   4 3 4     * 6 7 
8   6 6 9 9     3 6 
7   8 2 7 3 2 4 3 2 
6 8   3 6     6 9 5 
5   8 8 4 2 8 3 1 7 
2 6 7 2 9   7 4 3 5 

Step 22:
5   9 8 3   2   2 8 
2 6 9 9   9 9 2 6 3 
8   4 3         3 9 
3 8 1 7 6 8 2 2 * 7 
4   4 3 4       6 7 
8   6 6 9 9     3 6 
7   8 2 7 3 2 4 3 2 
6 8   3 6     6 9 5 
5   8 8 4 2 8 3 1 7 
2 6 7 2 9   7 4 3 5 

Step 23:
5   9 8 3   2   * 8 
2 6 9 9   9 9 2 6 3 
8   4 3         3 9 
3 8 1 7 6 8 2 2   7 
4   4 3 4       6 7 
8   6 6 9 9     3 6 
7   8 2 7 3 2 4 3 2 
6 8   3 6     6 9 5 
5   8 8 4 2 8 3 1 7 
2 6 7 2 9   7 4 3 5 

Step 24:
5   9 8 3   2     8 
2 6 9 9   9 9 2 6 3 
8   4 3         3 9 
3 8 1 7 6 8 2 2   7 
4   4 3 4       6 7 
8   6 6 9 9     3 6 
7   8 2 7 3 2 4 * 2 
6 8   3 6     6 9 5 
5   8 8 4 2 8 3 1 7 
2 6 7 2 9   7 4 3 5 

Step 25:
5   9 8 3   2     8 
2 6 9 9   9 9 2 6 3 
8   4 3         3 9 
3 8 1 7 6 8 2 2   7 
4   4 3 4       6 7 
8   6 6 9 9     3 6 
7   8 2 * 3 2 4   2 
6 8   3 6     6 9 5 
5   8 8 4 2 8 3 1 7 
2 6 7 2 9   7 4 3 5 

Step 26:
5   9 8 3   2     8 
2 6 9 9   9 9 2 6 3 
8   4 3         3 9 
3 8 1 7 6 8 2 2   7 
4   4 3 4       6 7 
8   6 6 9 9     3 6 
7   * 2   3 2 4   2 
6 8   3 6     6 9 5 
5   8 8 4 2 8 3 1 7 
2 6 7 2 9   7 4 3 5 

Step 27:
5   * 8 3   2     8 
2 6 9 9   9 9 2 6 3 
8   4 3         3 9 
3 8 1 7 6 8 2 2   7 
4   4 3 4       6 7 
8   6 6 9 9     3 6 
7     2   3 2 4   2 
6 8   3 6     6 9 5 
5   8 8 4 2 8 3 1 7 
2 6 7 2 9   7 4 3 5 

Step 28:
5     8 3   2     8 
2 6 9 9   9 9 2 6 3 
8   4 3         3 9 
3 8 1 7 6 8 2 2   7 
4   4 3 4       6 7 
8   6 6 9 9     3 6 
7     2   3 2 4   2 
6 8   3 6     6 9 5 
5   8 8 4 2 8 3 1 7 
2 6 * 2 9   7 4 3 5 

Step 29:
5     8 3   2     8 
2 6 * 9   9 9 2 6 3 
8   4 3         3 9 
3 8 1 7 6 8 2 2   7 
4   4 3 4       6 7 
8   6 6 9 9     3 6 
7     2   3 2 4   2 
6 8   3 6     6 9 5 
5   8 8 4 2 8 3 1 7 
2 6   2 9   7 4 3 5 

Step 30:
5     8 3   2     8 
2 6   9   9 9 2 6 3 
8   4 3         3 9 
3 8 1 7 6 8 2 2   7 
4   4 3 4       6 7 
8   * 6 9 9     3 6 
7     2   3 2 4   2 
6 8   3 6     6 9 5 
5   8 8 4 2 8 3 1 7 
2 6   2 9   7 4 3 5 

Step 31:
5     8 3   2     8 
2 6   9   9 9 2 6 3 
8   4 3         3 9 
3 8 1 7 6 8 2 2   7 
4   4 3 4       6 7 
8     6 9 9     * 6 
7     2   3 2 4   2 
6 8   3 6     6 9 5 
5   8 8 4 2 8 3 1 7 
2 6   2 9   7 4 3 5 

Step 32:
5     8 3   2     8 
2 6   9   9 9 2 6 3 
8   4 3         3 9 
3 8 1 7 6 8 2 2   7 
4   4 3 4       6 7 
8     6 9 9       6 
7     2   3 2 4   2 
6 8   3 6     6 9 5 
5   8 8 4 2 8 3 1 7 
2 6   2 *   7 4 3 5 

Step 33:
5     8 3   2     8 
2 6   9   9 9 2 6 3 
8   4 3         3 9 
3 8 1 7 6 8 2 2   7 
4   4 3 4       6 7 
8     6 * 9       6 
7     2   3 2 4   2 
6 8   3 6     6 9 5 
5   8 8 4 2 8 3 1 7 
2 6   2     7 4 3 5 

Step 34:
5     8 3   2     8 
2 6   9   9 9 2 6 3 
8   4 3         3 9 
3 8 1 7 6 8 2 2   7 
4   4 3 4       6 7 
8     6   9       6 
7     2   3 2 4   2 
6 8   3 6     6 9 5 
5   8 8 4 2 8 * 1 7 
2 6   2     7 4 3 5 

Step 35:
5     8 3   2     8 
2 6   9   9 9 2 6 3 
8   4 3         3 9 
3 8 1 7 6 8 2 2   7 
4   4 3 4       6 7 
8     6   9       6 
7     2   3 2 4   2 
6 8   3 6     6 9 5 
5   8 8 4 2 8   * 7 
2 6   2     7 4 3 5 

Step 36:
5     8 3   2     8 
2 6   9   9 9 2 6 3 
8   * 3         3 9 
3 8 1 7 6 8 2 2   7 
4   4 3 4       6 7 
8     6   9       6 
7     2   3 2 4   2 
6 8   3 6     6 9 5 
5   8 8 4 2 8     7 
2 6   2     7 4 3 5 

Step 37:
5     8 3   2     8 
2 6   9   9 9 2 6 3 
8     3         3 9 
3 8 * 7 6 8 2 2   7 
4   4 3 4       6 7 
8     6   9       6 
7     2   3 2 4   2 
6 8   3 6     6 9 5 
5   8 8 4 2 8     7 
2 6   2     7 4 3 5 

Step 38:
5     8 3   2     8 
2 6   9   9 9 2 6 3 
8     3         3 9 
3 8   7 6 8 2 2   * 
4   4 3 4       6 7 
8     6   9       6 
7     2   3 2 4   2 
6 8   3 6     6 9 5 
5   8 8 4 2 8     7 
2 6   2     7 4 3 5 

Step 39:
5     8 3   *     8 
2 6   9   9 9 2 6 3 
8     3         3 9 
3 8   7 6 8 2 2     
4   4 3 4       6 7 
8     6   9       6 
7     2   3 2 4   2 
6 8   3 6     6 9 5 
5   8 8 4 2 8     7 
2 6   2     7 4 3 5 

Step 40:
5     8 3         8 
2 6   9   9 9 2 6 3 
8     3         3 9 
3 8   7 6 8 2 2     
4   4 3 4       6 7 
8     6   9       6 
7     2   3 2 4   2 
6 8   3 6     6 9 5 
5   8 8 4 2 8     7 
2 6   2     * 4 3 5 

Step 41:
5     8 3         8 
2 6   9   9 * 2 6 3 
8     3         3 9 
3 8   7 6 8 2 2     
4   4 3 4       6 7 
8     6   9       6 
7     2   3 2 4   2 
6 8   3 6     6 9 5 
5   8 8 4 2 8     7 
2 6   2       4 3 5 

Step 42:
5     8 3         8 
2 6   9   9   2 * 3 
8     3         3 9 
3 8   7 6 8 2 2     
4   4 3 4       6 7 
8     6   9       6 
7     2   3 2 4   2 
6 8   3 6     6 9 5 
5   8 8 4 2 8     7 
2 6   2       4 3 5 

Step 43:
5     8 3         8 
2 6   9   9   2   3 
8     3         3 9 
3 8   7 6 8 2 2     
4   4 3 4       * 7 
8     6   9       6 
7     2   3 2 4   2 
6 8   3 6     6 9 5 
5   8 8 4 2 8     7 
2 6   2       4 3 5 

