Initial Board:
5 4 9 8 3 3 2 8 2 8 
2 6 9 9 1 9 9 2 6 3 
8 1 4 3 * 4 1 1 3 9 
3 8 1 7 6 8 2 2 1 7 
4 8 4 3 4 9 1 1 6 7 
8 4 6 6 9 9 1 2 3 6 
7 9 8 2 7 3 2 4 3 2 
6 8 1 3 6 4 1 6 9 5 
5 7 8 8 4 2 8 3 1 7 
2 6 7 2 9 6 7 4 3 5 

Step 1:
5 4 9 8 3 3 2 8 2 8 
2 6 9 9 * 9 9 2 6 3 
8 1 4 3   4 1 1 3 9 
3 8 1 7 6 8 2 2 1 7 
4 8 4 3 4 9 1 1 6 7 
8 4 6 6 9 9 1 2 3 6 
7 9 8 2 7 3 2 4 3 2 
6 8 1 3 6 4 1 6 9 5 
5 7 8 8 4 2 8 3 1 7 
2 6 7 2 9 6 7 4 3 5 

Step 2:
5 4 9 8 3 3 2 8 2 8 
2 6 9 9   9 9 2 6 3 
8 1 4 3   4 1 1 3 9 
3 8 1 7 6 8 2 2 1 7 
4 * 4 3 4 9 1 1 6 7 
8 4 6 6 9 9 1 2 3 6 
7 9 8 2 7 3 2 4 3 2 
6 8 1 3 6 4 1 6 9 5 
5 7 8 8 4 2 8 3 1 7 
2 6 7 2 9 6 7 4 3 5 

Step 3:
5 4 9 8 3 3 2 8 2 8 
2 6 9 9   9 9 2 6 3 
8 1 4 3   4 1 1 3 9 
3 8 1 7 6 8 2 2 1 7 
4   4 3 4 9 1 1 6 7 
8 4 6 6 9 9 1 2 3 6 
7 9 8 2 7 3 2 4 3 2 
6 8 1 3 6 4 1 6 9 5 
5 * 8 8 4 2 8 3 1 7 
2 6 7 2 9 6 7 4 3 5 

Step 4:
5 4 9 8 3 3 2 8 2 8 
2 6 9 9   9 9 2 6 3 
8 1 4 3   4 1 1 3 9 
3 8 1 7 6 8 2 2 1 7 
4   4 3 4 9 1 1 6 7 
8 4 6 6 9 9 1 2 3 6 
7 9 8 2 7 3 2 4 3 2 
6 8 1 3 6 4 1 6 9 5 
5   8 8 4 2 8 3 1 * 
2 6 7 2 9 6 7 4 3 5 

Step 5:
5 4 9 8 3 3 2 8 2 8 
2 6 9 9   9 9 2 6 3 
8 1 4 3   4 1 1 3 9 
3 8 1 7 6 8 2 2 1 * 
4   4 3 4 9 1 1 6 7 
8 4 6 6 9 9 1 2 3 6 
7 9 8 2 7 3 2 4 3 2 
6 8 1 3 6 4 1 6 9 5 
5   8 8 4 2 8 3 1   
2 6 7 2 9 6 7 4 3 5 

Step 6:
5 4 9 8 3 3 2 8 2 8 
2 6 9 9   9 9 2 6 3 
8 1 4 3   4 1 1 3 9 
3 8 1 7 6 8 2 2 *   
4   4 3 4 9 1 1 6 7 
8 4 6 6 9 9 1 2 3 6 
7 9 8 2 7 3 2 4 3 2 
6 8 1 3 6 4 1 6 9 5 
5   8 8 4 2 8 3 1   
2 6 7 2 9 6 7 4 3 5 

Step 7:
5 4 9 8 3 3 2 8 * 8 
2 6 9 9   9 9 2 6 3 
8 1 4 3   4 1 1 3 9 
3 8 1 7 6 8 2 2     
4   4 3 4 9 1 1 6 7 
8 4 6 6 9 9 1 2 3 6 
7 9 8 2 7 3 2 4 3 2 
6 8 1 3 6 4 1 6 9 5 
5   8 8 4 2 8 3 1   
2 6 7 2 9 6 7 4 3 5 

Step 8:
5 4 9 8 3 3 2 8   8 
2 6 9 9   9 9 2 6 3 
8 1 4 3   4 1 1 3 9 
3 8 1 7 6 8 2 2     
4   4 3 4 9 1 1 6 7 
8 4 6 6 9 9 1 2 3 6 
7 9 8 2 7 3 2 4 * 2 
6 8 1 3 6 4 1 6 9 5 
5   8 8 4 2 8 3 1   
2 6 7 2 9 6 7 4 3 5 

Step 9:
5 4 9 8 3 3 2 8   8 
2 6 9 9   9 9 2 6 3 
8 1 4 3   4 1 1 3 9 
3 8 1 7 6 8 2 2     
4   4 3 4 9 1 1 6 7 
8 4 6 6 9 9 1 2 3 6 
7 9 8 2 * 3 2 4   2 
6 8 1 3 6 4 1 6 9 5 
5   8 8 4 2 8 3 1   
2 6 7 2 9 6 7 4 3 5 

Step 10:
5 4 9 8 3 3 2 8   8 
2 6 9 9   9 9 2 6 3 
8 1 4 3   4 1 1 3 9 
3 8 1 7 6 8 2 2     
4   4 3 4 9 1 1 6 7 
8 4 6 6 9 9 1 2 3 6 
7 9 * 2   3 2 4   2 
6 8 1 3 6 4 1 6 9 5 
5   8 8 4 2 8 3 1   
2 6 7 2 9 6 7 4 3 5 

Step 11:
5 4 * 8 3 3 2 8   8 
2 6 9 9   9 9 2 6 3 
8 1 4 3   4 1 1 3 9 
3 8 1 7 6 8 2 2     
4   4 3 4 9 1 1 6 7 
8 4 6 6 9 9 1 2 3 6 
7 9   2   3 2 4   2 
6 8 1 3 6 4 1 6 9 5 
5   8 8 4 2 8 3 1   
2 6 7 2 9 6 7 4 3 5 

Step 12:
5 4   8 3 3 2 8   8 
2 6 9 9   9 9 2 6 3 
8 1 4 3   4 1 1 3 9 
3 8 1 7 6 8 2 2     
4   4 3 4 9 1 1 6 7 
8 4 6 6 9 9 1 2 3 6 
7 9   2   3 2 4   2 
6 8 1 3 6 4 1 6 9 5 
5   8 8 4 2 8 3 1   
2 6 * 2 9 6 7 4 3 5 

Step 13:
5 4   8 3 3 2 8   8 
2 6 * 9   9 9 2 6 3 
8 1 4 3   4 1 1 3 9 
3 8 1 7 6 8 2 2     
4   4 3 4 9 1 1 6 7 
8 4 6 6 9 9 1 2 3 6 
7 9   2   3 2 4   2 
6 8 1 3 6 4 1 6 9 5 
5   8 8 4 2 8 3 1   
2 6   2 9 6 7 4 3 5 

Step 14:
5 4   8 3 3 2 8   8 
2 6   9   9 9 2 6 3 
8 1 4 3   4 1 1 3 9 
3 8 1 7 6 8 2 2     
4   4 3 4 * 1 1 6 7 
8 4 6 6 9 9 1 2 3 6 
7 9   2   3 2 4   2 
6 8 1 3 6 4 1 6 9 5 
5   8 8 4 2 8 3 1   
2 6   2 9 6 7 4 3 5 

Step 15:
5 4   8 3 3 2 8   8 
2 6   9   9 9 2 6 3 
8 1 4 3   4 1 1 3 9 
3 8 1 7 6 8 2 2     
4   4 3 4   * 1 6 7 
8 4 6 6 9 9 1 2 3 6 
7 9   2   3 2 4   2 
6 8 1 3 6 4 1 6 9 5 
5   8 8 4 2 8 3 1   
2 6   2 9 6 7 4 3 5 

Step 16:
5 4   8 3 3 2 8   8 
2 6   9   9 9 2 6 3 
8 1 4 3   4 * 1 3 9 
3 8 1 7 6 8 2 2     
4   4 3 4     1 6 7 
8 4 6 6 9 9 1 2 3 6 
7 9   2   3 2 4   2 
6 8 1 3 6 4 1 6 9 5 
5   8 8 4 2 8 3 1   
2 6   2 9 6 7 4 3 5 

Step 17:
5 4   8 3 3 2 8   8 
2 6   9   9 9 2 6 3 
8 1 4 3   4   1 3 9 
3 8 1 7 6 8 2 2     
4   4 3 4     1 * 7 
8 4 6 6 9 9 1 2 3 6 
7 9   2   3 2 4   2 
6 8 1 3 6 4 1 6 9 5 
5   8 8 4 2 8 3 1   
2 6   2 9 6 7 4 3 5 

Step 18:
5 4   8 3 3 2 8   8 
2 6   9   9 9 2 6 3 
8 1 4 3   4   1 3 9 
3 8 1 7 6 8 2 2     
4   4 3 4     1   7 
8 4 6 6 9 9 1 2 3 6 
7 9   2   3 * 4   2 
6 8 1 3 6 4 1 6 9 5 
5   8 8 4 2 8 3 1   
2 6   2 9 6 7 4 3 5 

Step 19:
5 4   8 3 3 2 8   8 
2 6   9   9 9 2 6 3 
8 1 4 3   4   1 3 9 
3 8 1 7 6 8 2 2     
4   4 3 4     1   7 
8 4 6 6 9 9 * 2 3 6 
7 9   2   3   4   2 
6 8 1 3 6 4 1 6 9 5 
5   8 8 4 2 8 3 1   
2 6   2 9 6 7 4 3 5 

Step 20:
5 4   8 3 3 2 8   8 
2 6   9   9 9 2 6 3 
8 1 4 3   4   1 3 9 
3 8 1 7 6 8 2 2     
4   4 3 4     1   7 
8 4 6 6 9 9   2 3 6 
7 9   2   3   4   2 
6 8 1 3 6 4 1 6 9 5 
5   8 * 4 2 8 3 1   
2 6   2 9 6 7 4 3 5 

Step 21:
5 4   8 3 3 2 8   8 
2 6   9   9 9 2 6 3 
8 1 4 3   4   1 3 9 
3 8 1 7 6 8 2 2     
4   4 3 4     1   7 
8 4 6 * 9 9   2 3 6 
7 9   2   3   4   2 
6 8 1 3 6 4 1 6 9 5 
5   8   4 2 8 3 1   
2 6   2 9 6 7 4 3 5 

Step 22:
5 4   8 3 3 2 8   8 
2 6   9   9 9 2 6 3 
8 1 4 3   4   1 3 9 
3 8 1 7 6 8 2 2     
4   4 3 4     1   7 
8 4 6   9 9   2 3 6 
7 9   2   3   4   2 
6 8 1 * 6 4 1 6 9 5 
5   8   4 2 8 3 1   
2 6   2 9 6 7 4 3 5 

Step 23:
5 4   8 3 3 2 8   8 
2 6   9   9 9 2 6 3 
8 1 4 3   4   1 3 9 
3 8 1 7 6 8 2 2     
4   4 3 4     1   7 
8 4 6   9 9   2 3 6 
7 9   2   3   4   2 
6 8 1   6 4 1 6 9 * 
5   8   4 2 8 3 1   
2 6   2 9 6 7 4 3 5 

Step 24:
5 4   8 3 3 2 8   8 
2 6   9   9 9 2 6 3 
8 1 4 3   4   1 3 9 
3 8 1 7 6 8 2 2     
4   4 3 4     1   7 
8 4 6   9 9   2 3 6 
7 9   2   3   4   2 
* 8 1   6 4 1 6 9   
5   8   4 2 8 3 1   
2 6   2 9 6 7 4 3 5 

Step 25:
* 4   8 3 3 2 8   8 
2 6   9   9 9 2 6 3 
8 1 4 3   4   1 3 9 
3 8 1 7 6 8 2 2     
4   4 3 4     1   7 
8 4 6   9 9   2 3 6 
7 9   2   3   4   2 
  8 1   6 4 1 6 9   
5   8   4 2 8 3 1   
2 6   2 9 6 7 4 3 5 

Step 26:
  4   8 3 3 2 8   8 
2 6   9   9 9 2 6 3 
* 1 4 3   4   1 3 9 
3 8 1 7 6 8 2 2     
4   4 3 4     1   7 
8 4 6   9 9   2 3 6 
7 9   2   3   4   2 
  8 1   6 4 1 6 9   
5   8   4 2 8 3 1   
2 6   2 9 6 7 4 3 5 

Step 27:
  4   8 3 3 2 8   8 
2 6   9   9 9 2 6 3 
  1 4 3   4   1 3 9 
3 8 1 7 6 8 2 2     
4   4 3 4     1   7 
* 4 6   9 9   2 3 6 
7 9   2   3   4   2 
  8 1   6 4 1 6 9   
5   8   4 2 8 3 1   
2 6   2 9 6 7 4 3 5 

Step 28:
  4   8 3 3 2 8   8 
* 6   9   9 9 2 6 3 
  1 4 3   4   1 3 9 
3 8 1 7 6 8 2 2     
4   4 3 4     1   7 
  4 6   9 9   2 3 6 
7 9   2   3   4   2 
  8 1   6 4 1 6 9   
5   8   4 2 8 3 1   
2 6   2 9 6 7 4 3 5 

Step 29:
  4   8 3 3 2 8   8 
  6   9   9 * 2 6 3 
  1 4 3   4   1 3 9 
3 8 1 7 6 8 2 2     
4   4 3 4     1   7 
  4 6   9 9   2 3 6 
7 9   2   3   4   2 
  8 1   6 4 1 6 9   
5   8   4 2 8 3 1   
2 6   2 9 6 7 4 3 5 

Step 30:
  4   8 3 3 2 8   8 
  6   9   9   2 * 3 
  1 4 3   4   1 3 9 
3 8 1 7 6 8 2 2     
4   4 3 4     1   7 
  4 6   9 9   2 3 6 
7 9   2   3   4   2 
  8 1   6 4 1 6 9   
5   8   4 2 8 3 1   
2 6   2 9 6 7 4 3 5 

Step 31:
  4   8 3 3 2 8   8 
  6   9   9   2   3 
  1 4 3   4   * 3 9 
3 8 1 7 6 8 2 2     
4   4 3 4     1   7 
  4 6   9 9   2 3 6 
7 9   2   3   4   2 
  8 1   6 4 1 6 9   
5   8   4 2 8 3 1   
2 6   2 9 6 7 4 3 5 

Step 32:
  4   8 3 3 2 *   8 
  6   9   9   2   3 
  1 4 3   4     3 9 
3 8 1 7 6 8 2 2     
4   4 3 4     1   7 
  4 6   9 9   2 3 6 
7 9   2   3   4   2 
  8 1   6 4 1 6 9   
5   8   4 2 8 3 1   
2 6   2 9 6 7 4 3 5 

Step 33:
  4   8 3 * 2     8 
  6   9   9   2   3 
  1 4 3   4     3 9 
3 8 1 7 6 8 2 2     
4   4 3 4     1   7 
  4 6   9 9   2 3 6 
7 9   2   3   4   2 
  8 1   6 4 1 6 9   
5   8   4 2 8 3 1   
2 6   2 9 6 7 4 3 5 

Step 34:
  4   8 3   2     8 
  6   9   9   2   3 
  1 4 3   4     3 9 
3 8 1 7 6 8 2 2     
4   4 3 4     1   7 
  4 6   9 9   2 3 6 
7 9   2   3   4   2 
  8 1   6 4 1 6 9   
5   8   4 2 8 3 1   
2 6   2 9 * 7 4 3 5 

Step 35:
  4   8 3   2     8 
  6   9   9   2   3 
  1 4 3   4     3 9 
3 8 1 7 6 8 2 2     
4   4 3 4     1   7 
  * 6   9 9   2 3 6 
7 9   2   3   4   2 
  8 1   6 4 1 6 9   
5   8   4 2 8 3 1   
2 6   2 9   7 4 3 5 

Step 36:
  4   8 3   2     8 
  6   9   9   2   3 
  1 4 3   4     3 9 
3 8 1 7 6 8 2 2     
4   4 3 4     1   7 
    6   9 9   * 3 6 
7 9   2   3   4   2 
  8 1   6 4 1 6 9   
5   8   4 2 8 3 1   
2 6   2 9   7 4 3 5 

Step 37:
  4   8 3   2     8 
  6   9   9   2   3 
  1 4 3   4     3 9 
3 8 1 7 6 8 2 2     
4   4 3 4     1   7 
    6   9 9     3 6 
7 9   2   3   4   2 
  8 1   6 4 1 6 9   
5   8   4 2 8 3 1   
2 6   2 9   7 * 3 5 

Step 38:
  4   8 3   2     8 
  6   9   9   2   3 
  1 4 3   4     3 9 
3 8 1 7 6 8 2 2     
4   4 3 4     1   7 
    6   9 9     3 6 
7 9   2   3   4   2 
  8 1   6 4 1 6 9   
5   8   4 2 8 3 1   
* 6   2 9   7   3 5 

Step 39:
  4   8 3   2     8 
  6   9   9   2   3 
  1 4 3   4     3 9 
3 8 1 7 6 8 2 2     
4   4 3 4     1   7 
    6   9 9     3 6 
7 9   2   3   4   2 
  8 1   6 4 1 6 9   
5   8   4 2 8 3 1   
  6   2 9   *   3 5 

Step 40:
  4   8 3   2     8 
  6   9   9   2   3 
  1 4 3   4     3 9 
3 8 1 7 6 8 2 2     
4   4 3 4     1   7 
    6   9 9     3 6 
7 9   2   3   4   2 
  8 1   * 4 1 6 9   
5   8   4 2 8 3 1   
  6   2 9       3 5 

Step 41:
  4   8 3   2     8 
  6   9   9   2   3 
  1 4 3   4     3 9 
3 8 1 7 6 8 2 2     
4   4 3 4     1   7 
    6   9 9     3 6 
7 9   2   3   4   2 
  8 1     4 1 6 *   
5   8   4 2 8 3 1   
  6   2 9       3 5 

Step 42:
  4   8 3   2     8 
  6   9   9   2   3 
  1 4 3   4     3 9 
3 8 1 7 * 8 2 2     
4   4 3 4     1   7 
    6   9 9     3 6 
7 9   2   3   4   2 
  8 1     4 1 6     
5   8   4 2 8 3 1   
  6   2 9       3 5 

Step 43:
  *   8 3   2     8 
  6   9   9   2   3 
  1 4 3   4     3 9 
3 8 1 7   8 2 2     
4   4 3 4     1   7 
    6   9 9     3 6 
7 9   2   3   4   2 
  8 1     4 1 6     
5   8   4 2 8 3 1   
  6   2 9       3 5 

Step 44:
      8 3   2     8 
  6   9   9   2   3 
  1 4 3   4     3 9 
3 8 1 7   8 2 2     
4   4 3 4     1   7 
    6   9 9     3 6 
7 *   2   3   4   2 
  8 1     4 1 6     
5   8   4 2 8 3 1   
  6   2 9       3 5 

Step 45:
      8 3   2     8 
  6   9   9   2   3 
  1 4 3   4     3 9 
3 8 1 7   8 2 2     
4   4 3 4     1   7 
    6   9 9     3 6 
7     2   3   4   2 
  8 *     4 1 6     
5   8   4 2 8 3 1   
  6   2 9       3 5 

Step 46:
      8 3   2     8 
  6   9   9   2   3 
  1 4 3   4     3 9 
3 8 1 7   8 2 2     
4   4 3 4     1   7 
    6   * 9     3 6 
7     2   3   4   2 
  8       4 1 6     
5   8   4 2 8 3 1   
  6   2 9       3 5 

Step 47:
      8 3   2     8 
  6   9   9   2   3 
  1 4 3   4     3 9 
3 8 1 7   8 2 2     
4   4 3 4     1   7 
    6     9     3 6 
7     2   3   4   2 
  8       4 1 6     
5   8   4 2 8 * 1   
  6   2 9       3 5 

Step 48:
      8 3   2     8 
  6   9   9   2   3 
  1 4 3   4     3 9 
3 8 1 7   8 2 2     
4   4 3 4     1   7 
    6     9     3 6 
7     2   3   4   2 
  8       4 1 6     
5   8   4 2 8   *   
  6   2 9       3 5 

Step 49:
      8 3   2     8 
  6   9   9   2   3 
  1 * 3   4     3 9 
3 8 1 7   8 2 2     
4   4 3 4     1   7 
    6     9     3 6 
7     2   3   4   2 
  8       4 1 6     
5   8   4 2 8       
  6   2 9       3 5 

Step 50:
      8 3   2     8 
  6   9   9   2   3 
  1   3   4     3 9 
3 8 * 7   8 2 2     
4   4 3 4     1   7 
    6     9     3 6 
7     2   3   4   2 
  8       4 1 6     
5   8   4 2 8       
  6   2 9       3 5 

Step 51:
      8 3   2     8 
  6   9   9   2   3 
  1   3   4     3 9 
3 8   7   8 2 2     
4   4 3 4     1   7 
    6     9     3 6 
7     2   *   4   2 
  8       4 1 6     
5   8   4 2 8       
  6   2 9       3 5 

Step 52:
      8 3   2     8 
  6   9   9   2   3 
  1   3   4     3 9 
3 8   7   8 2 2     
4   4 3 4     1   7 
    6     9     3 6 
7     2       4   2 
  8       4 * 6     
5   8   4 2 8       
  6   2 9       3 5 

Step 53:
      8 3   2     8 
  6   9   9   2   3 
  1   3   4     3 9 
3 8   7   8 2 2     
4   4 3 4     1   7 
    6     9     3 6 
7     2       4   2 
  8       4   6     
5   8   4 2 8       
  6   2 *       3 5 

