Initial Board:
7 3 5 5 2 3 4 5 6 8 4 5 1 9 1 1 6 8 4 6 9 2 5 6 7 
2 8 3 9 4 9 5 8 5 4 7 9 8 2 6 3 2 1 8 6 2 2 4 8 3 
5 9 3 7 4 4 7 5 7 6 2 5 5 6 9 5 1 1 7 8 9 1 3 1 1 
1 1 3 8 1 3 6 2 4 8 9 6 6 4 7 9 1 6 4 8 9 1 6 2 1 
6 6 9 1 1 2 4 7 2 7 9 8 3 2 5 2 3 5 7 3 3 3 5 8 4 
4 3 2 1 1 4 3 4 9 3 2 2 9 7 4 7 9 6 8 5 9 4 3 7 9 
9 2 3 9 6 3 2 4 9 2 1 9 5 9 6 2 9 6 5 3 5 1 3 9 1 
4 8 6 5 4 5 6 7 8 5 7 2 2 5 5 9 9 6 2 1 7 6 8 1 9 
2 2 1 6 9 9 7 6 7 8 1 4 3 6 1 2 3 4 5 2 4 6 3 5 7 
5 6 8 8 3 6 5 1 9 7 8 3 3 6 7 7 3 1 8 1 5 1 4 8 9 
8 1 6 4 4 8 5 3 3 3 6 7 7 8 8 8 3 1 3 9 2 4 9 4 9 
4 9 1 3 8 7 5 4 1 3 3 2 7 6 1 5 9 6 5 2 6 5 4 7 3 
2 1 6 4 7 5 7 8 8 1 1 5 7 2 8 9 8 8 1 6 4 8 8 7 2 
7 2 4 2 8 8 6 8 1 6 5 1 5 9 2 5 1 7 6 4 2 2 4 6 6 
1 9 8 8 8 6 2 9 4 9 1 4 5 6 8 3 4 5 1 1 8 8 5 9 9 
5 1 4 8 2 3 6 7 6 8 5 6 4 4 9 9 9 4 2 5 4 5 7 6 8 
2 2 4 4 6 9 8 2 4 7 1 3 1 4 6 2 8 1 3 4 9 1 7 7 8 
1 1 1 9 1 1 7 2 6 4 1 1 7 1 4 5 7 6 6 1 6 9 7 6 5 
6 3 2 1 4 6 9 7 6 1 2 9 7 5 7 4 7 4 5 * 3 1 7 3 1 
5 3 1 9 5 9 5 1 7 4 4 4 9 8 5 6 3 3 9 4 2 3 1 2 4 
9 6 6 9 7 9 6 9 4 5 2 1 1 2 1 1 1 3 2 3 7 3 6 8 8 
5 3 3 1 5 6 9 4 1 1 8 1 8 4 9 8 2 7 6 7 8 9 1 8 8 
2 5 2 2 2 5 4 9 1 4 6 2 9 5 1 4 9 2 8 3 1 3 6 8 7 
8 1 6 8 5 2 5 9 3 6 6 8 9 6 8 8 8 7 1 1 9 7 4 7 7 
2 5 6 2 9 4 4 9 8 5 7 9 3 7 1 7 7 8 1 9 4 5 9 4 6 

Step 1:
7 3 5 5 2 3 4 5 6 8 4 5 1 9 1 1 6 8 4 6 9 2 5 6 7 
2 8 3 9 4 9 5 8 5 4 7 9 8 2 6 3 2 1 8 6 2 2 4 8 3 
5 9 3 7 4 4 7 5 7 6 2 5 5 6 9 5 1 1 7 8 9 1 3 1 1 
1 1 3 8 1 3 6 2 4 8 9 6 6 4 7 9 1 6 4 8 9 1 6 2 1 
6 6 9 1 1 2 4 7 2 7 9 8 3 2 5 2 3 5 7 3 3 3 5 8 4 
4 3 2 1 1 4 3 4 9 3 2 2 9 7 4 7 9 6 8 5 9 4 3 7 9 
9 2 3 9 6 3 2 4 9 2 1 9 5 9 6 2 9 6 5 3 5 1 3 9 1 
4 8 6 5 4 5 6 7 8 5 7 2 2 5 5 9 9 6 2 1 7 6 8 1 9 
2 2 1 6 9 9 7 6 7 8 1 4 3 6 1 2 3 4 5 2 4 6 3 5 7 
5 6 8 8 3 6 5 1 9 7 8 3 3 6 7 7 3 1 8 1 5 1 4 8 9 
8 1 6 4 4 8 5 3 3 3 6 7 7 8 8 8 3 1 3 9 2 4 9 4 9 
4 9 1 3 8 7 5 4 1 3 3 2 7 6 1 5 9 6 5 2 6 5 4 7 3 
2 1 6 4 7 5 7 8 8 1 1 5 7 2 8 9 8 8 1 6 4 8 8 7 2 
7 2 4 2 8 8 6 8 1 6 5 1 5 9 2 5 1 7 6 4 2 2 4 6 6 
1 9 8 8 8 6 2 9 4 9 1 4 5 6 8 3 4 5 1 1 8 8 5 9 9 
5 1 4 8 2 3 6 7 6 8 5 6 4 4 9 9 9 4 2 5 4 5 7 6 8 
2 2 4 4 6 9 8 2 4 7 1 3 1 4 6 2 8 1 3 4 9 1 7 7 8 
1 1 1 9 1 1 7 2 6 4 1 1 7 1 4 5 7 6 6 * 6 9 7 6 5 
6 3 2 1 4 6 9 7 6 1 2 9 7 5 7 4 7 4 5   3 1 7 3 1 
5 3 1 9 5 9 5 1 7 4 4 4 9 8 5 6 3 3 9 4 2 3 1 2 4 
9 6 6 9 7 9 6 9 4 5 2 1 1 2 1 1 1 3 2 3 7 3 6 8 8 
5 3 3 1 5 6 9 4 1 1 8 1 8 4 9 8 2 7 6 7 8 9 1 8 8 
2 5 2 2 2 5 4 9 1 4 6 2 9 5 1 4 9 2 8 3 1 3 6 8 7 
8 1 6 8 5 2 5 9 3 6 6 8 9 6 8 8 8 7 1 1 9 7 4 7 7 
2 5 6 2 9 4 4 9 8 5 7 9 3 7 1 7 7 8 1 9 4 5 9 4 6 

Step 2:
7 3 5 5 2 3 4 5 6 8 4 5 1 9 1 1 6 8 4 6 9 2 5 6 7 
2 8 3 9 4 9 5 8 5 4 7 9 8 2 6 3 2 1 8 6 2 2 4 8 3 
5 9 3 7 4 4 7 5 7 6 2 5 5 6 9 5 1 1 7 8 9 1 3 1 1 
1 1 3 8 1 3 6 2 4 8 9 6 6 4 7 9 1 6 4 8 9 1 6 2 1 
6 6 9 1 1 2 4 7 2 7 9 8 3 2 5 2 3 5 7 3 3 3 5 8 4 
4 3 2 1 1 4 3 4 9 3 2 2 9 7 4 7 9 6 8 5 9 4 3 7 9 
9 2 3 9 6 3 2 4 9 2 1 9 5 9 6 2 9 6 5 3 5 1 3 9 1 
4 8 6 5 4 5 6 7 8 5 7 2 2 5 5 9 9 6 2 1 7 6 8 1 9 
2 2 1 6 9 9 7 6 7 8 1 4 3 6 1 2 3 4 5 2 4 6 3 5 7 
5 6 8 8 3 6 5 1 9 7 8 3 3 6 7 7 3 1 8 1 5 1 4 8 9 
8 1 6 4 4 8 5 3 3 3 6 7 7 8 8 8 3 1 3 9 2 4 9 4 9 
4 9 1 3 8 7 5 4 1 3 3 2 7 6 1 5 9 6 5 2 6 5 4 7 3 
2 1 6 4 7 5 7 8 8 1 1 5 7 2 8 9 8 8 1 6 4 8 8 7 2 
7 2 4 2 8 8 6 8 1 6 5 1 5 9 2 5 1 7 6 * 2 2 4 6 6 
1 9 8 8 8 6 2 9 4 9 1 4 5 6 8 3 4 5 1 1 8 8 5 9 9 
5 1 4 8 2 3 6 7 6 8 5 6 4 4 9 9 9 4 2 5 4 5 7 6 8 
2 2 4 4 6 9 8 2 4 7 1 3 1 4 6 2 8 1 3 4 9 1 7 7 8 
1 1 1 9 1 1 7 2 6 4 1 1 7 1 4 5 7 6 6   6 9 7 6 5 
6 3 2 1 4 6 9 7 6 1 2 9 7 5 7 4 7 4 5   3 1 7 3 1 
5 3 1 9 5 9 5 1 7 4 4 4 9 8 5 6 3 3 9 4 2 3 1 2 4 
9 6 6 9 7 9 6 9 4 5 2 1 1 2 1 1 1 3 2 3 7 3 6 8 8 
5 3 3 1 5 6 9 4 1 1 8 1 8 4 9 8 2 7 6 7 8 9 1 8 8 
2 5 2 2 2 5 4 9 1 4 6 2 9 5 1 4 9 2 8 3 1 3 6 8 7 
8 1 6 8 5 2 5 9 3 6 6 8 9 6 8 8 8 7 1 1 9 7 4 7 7 
2 5 6 2 9 4 4 9 8 5 7 9 3 7 1 7 7 8 1 9 4 5 9 4 6 

Step 3:
7 3 5 5 2 3 4 5 6 8 4 5 1 9 1 1 6 8 4 6 9 2 5 6 7 
2 8 3 9 4 9 5 8 5 4 7 9 8 2 6 3 2 1 8 6 2 2 4 8 3 
5 9 3 7 4 4 7 5 7 6 2 5 5 6 9 5 1 1 7 8 9 1 3 1 1 
1 1 3 8 1 3 6 2 4 8 9 6 6 4 7 9 1 6 4 8 9 1 6 2 1 
6 6 9 1 1 2 4 7 2 7 9 8 3 2 5 2 3 5 7 3 3 3 5 8 4 
4 3 2 1 1 4 3 4 9 3 2 2 9 7 4 7 9 6 8 5 9 4 3 7 9 
9 2 3 9 6 3 2 4 9 2 1 9 5 9 6 2 9 6 5 3 5 1 3 9 1 
4 8 6 5 4 5 6 7 8 5 7 2 2 5 5 9 9 6 2 * 7 6 8 1 9 
2 2 1 6 9 9 7 6 7 8 1 4 3 6 1 2 3 4 5 2 4 6 3 5 7 
5 6 8 8 3 6 5 1 9 7 8 3 3 6 7 7 3 1 8 1 5 1 4 8 9 
8 1 6 4 4 8 5 3 3 3 6 7 7 8 8 8 3 1 3 9 2 4 9 4 9 
4 9 1 3 8 7 5 4 1 3 3 2 7 6 1 5 9 6 5 2 6 5 4 7 3 
2 1 6 4 7 5 7 8 8 1 1 5 7 2 8 9 8 8 1 6 4 8 8 7 2 
7 2 4 2 8 8 6 8 1 6 5 1 5 9 2 5 1 7 6   2 2 4 6 6 
1 9 8 8 8 6 2 9 4 9 1 4 5 6 8 3 4 5 1 1 8 8 5 9 9 
5 1 4 8 2 3 6 7 6 8 5 6 4 4 9 9 9 4 2 5 4 5 7 6 8 
2 2 4 4 6 9 8 2 4 7 1 3 1 4 6 2 8 1 3 4 9 1 7 7 8 
1 1 1 9 1 1 7 2 6 4 1 1 7 1 4 5 7 6 6   6 9 7 6 5 
6 3 2 1 4 6 9 7 6 1 2 9 7 5 7 4 7 4 5   3 1 7 3 1 
5 3 1 9 5 9 5 1 7 4 4 4 9 8 5 6 3 3 9 4 2 3 1 2 4 
9 6 6 9 7 9 6 9 4 5 2 1 1 2 1 1 1 3 2 3 7 3 6 8 8 
5 3 3 1 5 6 9 4 1 1 8 1 8 4 9 8 2 7 6 7 8 9 1 8 8 
2 5 2 2 2 5 4 9 1 4 6 2 9 5 1 4 9 2 8 3 1 3 6 8 7 
8 1 6 8 5 2 5 9 3 6 6 8 9 6 8 8 8 7 1 1 9 7 4 7 7 
2 5 6 2 9 4 4 9 8 5 7 9 3 7 1 7 7 8 1 9 4 5 9 4 6 

Step 4:
7 3 5 5 2 3 4 5 6 8 4 5 1 9 1 1 6 8 4 6 9 2 5 6 7 
2 8 3 9 4 9 5 8 5 4 7 9 8 2 6 3 2 1 8 6 2 2 4 8 3 
5 9 3 7 4 4 7 5 7 6 2 5 5 6 9 5 1 1 7 8 9 1 3 1 1 
1 1 3 8 1 3 6 2 4 8 9 6 6 4 7 9 1 6 4 8 9 1 6 2 1 
6 6 9 1 1 2 4 7 2 7 9 8 3 2 5 2 3 5 7 * 3 3 5 8 4 
4 3 2 1 1 4 3 4 9 3 2 2 9 7 4 7 9 6 8 5 9 4 3 7 9 
9 2 3 9 6 3 2 4 9 2 1 9 5 9 6 2 9 6 5 3 5 1 3 9 1 
4 8 6 5 4 5 6 7 8 5 7 2 2 5 5 9 9 6 2   7 6 8 1 9 
2 2 1 6 9 9 7 6 7 8 1 4 3 6 1 2 3 4 5 2 4 6 3 5 7 
5 6 8 8 3 6 5 1 9 7 8 3 3 6 7 7 3 1 8 1 5 1 4 8 9 
8 1 6 4 4 8 5 3 3 3 6 7 7 8 8 8 3 1 3 9 2 4 9 4 9 
4 9 1 3 8 7 5 4 1 3 3 2 7 6 1 5 9 6 5 2 6 5 4 7 3 
2 1 6 4 7 5 7 8 8 1 1 5 7 2 8 9 8 8 1 6 4 8 8 7 2 
7 2 4 2 8 8 6 8 1 6 5 1 5 9 2 5 1 7 6   2 2 4 6 6 
1 9 8 8 8 6 2 9 4 9 1 4 5 6 8 3 4 5 1 1 8 8 5 9 9 
5 1 4 8 2 3 6 7 6 8 5 6 4 4 9 9 9 4 2 5 4 5 7 6 8 
2 2 4 4 6 9 8 2 4 7 1 3 1 4 6 2 8 1 3 4 9 1 7 7 8 
1 1 1 9 1 1 7 2 6 4 1 1 7 1 4 5 7 6 6   6 9 7 6 5 
6 3 2 1 4 6 9 7 6 1 2 9 7 5 7 4 7 4 5   3 1 7 3 1 
5 3 1 9 5 9 5 1 7 4 4 4 9 8 5 6 3 3 9 4 2 3 1 2 4 
9 6 6 9 7 9 6 9 4 5 2 1 1 2 1 1 1 3 2 3 7 3 6 8 8 
5 3 3 1 5 6 9 4 1 1 8 1 8 4 9 8 2 7 6 7 8 9 1 8 8 
2 5 2 2 2 5 4 9 1 4 6 2 9 5 1 4 9 2 8 3 1 3 6 8 7 
8 1 6 8 5 2 5 9 3 6 6 8 9 6 8 8 8 7 1 1 9 7 4 7 7 
2 5 6 2 9 4 4 9 8 5 7 9 3 7 1 7 7 8 1 9 4 5 9 4 6 

Step 5:
7 3 5 5 2 3 4 5 6 8 4 5 1 9 1 1 6 8 4 6 9 2 5 6 7 
2 8 3 9 4 9 5 8 5 4 7 9 8 2 6 3 2 1 8 6 2 2 4 8 3 
5 9 3 7 4 4 7 5 7 6 2 5 5 6 9 5 1 1 7 8 9 1 3 1 1 
1 1 3 8 1 3 6 2 4 8 9 6 6 4 7 9 1 6 4 8 9 1 6 2 1 
6 6 9 1 1 2 4 7 2 7 9 8 3 2 5 2 3 5 7   3 3 5 8 4 
4 3 2 1 1 4 3 4 9 3 2 2 9 7 4 7 9 6 8 5 9 4 3 7 9 
9 2 3 9 6 3 2 4 9 2 1 9 5 9 6 2 9 6 5 3 5 1 3 9 1 
4 8 6 5 4 5 6 7 8 5 7 2 2 5 5 9 9 6 2   7 6 8 1 9 
2 2 1 6 9 9 7 6 7 8 1 4 3 6 1 2 3 4 5 2 4 6 3 5 7 
5 6 8 8 3 6 5 1 9 7 8 3 3 6 7 7 3 1 8 * 5 1 4 8 9 
8 1 6 4 4 8 5 3 3 3 6 7 7 8 8 8 3 1 3 9 2 4 9 4 9 
4 9 1 3 8 7 5 4 1 3 3 2 7 6 1 5 9 6 5 2 6 5 4 7 3 
2 1 6 4 7 5 7 8 8 1 1 5 7 2 8 9 8 8 1 6 4 8 8 7 2 
7 2 4 2 8 8 6 8 1 6 5 1 5 9 2 5 1 7 6   2 2 4 6 6 
1 9 8 8 8 6 2 9 4 9 1 4 5 6 8 3 4 5 1 1 8 8 5 9 9 
5 1 4 8 2 3 6 7 6 8 5 6 4 4 9 9 9 4 2 5 4 5 7 6 8 
2 2 4 4 6 9 8 2 4 7 1 3 1 4 6 2 8 1 3 4 9 1 7 7 8 
1 1 1 9 1 1 7 2 6 4 1 1 7 1 4 5 7 6 6   6 9 7 6 5 
6 3 2 1 4 6 9 7 6 1 2 9 7 5 7 4 7 4 5   3 1 7 3 1 
5 3 1 9 5 9 5 1 7 4 4 4 9 8 5 6 3 3 9 4 2 3 1 2 4 
9 6 6 9 7 9 6 9 4 5 2 1 1 2 1 1 1 3 2 3 7 3 6 8 8 
5 3 3 1 5 6 9 4 1 1 8 1 8 4 9 8 2 7 6 7 8 9 1 8 8 
2 5 2 2 2 5 4 9 1 4 6 2 9 5 1 4 9 2 8 3 1 3 6 8 7 
8 1 6 8 5 2 5 9 3 6 6 8 9 6 8 8 8 7 1 1 9 7 4 7 7 
2 5 6 2 9 4 4 9 8 5 7 9 3 7 1 7 7 8 1 9 4 5 9 4 6 

Step 6:
7 3 5 5 2 3 4 5 6 8 4 5 1 9 1 1 6 8 4 6 9 2 5 6 7 
2 8 3 9 4 9 5 8 5 4 7 9 8 2 6 3 2 1 8 6 2 2 4 8 3 
5 9 3 7 4 4 7 5 7 6 2 5 5 6 9 5 1 1 7 8 9 1 3 1 1 
1 1 3 8 1 3 6 2 4 8 9 6 6 4 7 9 1 6 4 8 9 1 6 2 1 
6 6 9 1 1 2 4 7 2 7 9 8 3 2 5 2 3 5 7   3 3 5 8 4 
4 3 2 1 1 4 3 4 9 3 2 2 9 7 4 7 9 6 8 5 9 4 3 7 9 
9 2 3 9 6 3 2 4 9 2 1 9 5 9 6 2 9 6 5 3 5 1 3 9 1 
4 8 6 5 4 5 6 7 8 5 7 2 2 5 5 9 9 6 2   7 6 8 1 9 
2 2 1 6 9 9 7 6 7 8 1 4 3 6 1 2 3 4 5 2 4 6 3 5 7 
5 6 8 8 3 6 5 1 9 7 8 * 3 6 7 7 3 1 8   5 1 4 8 9 
8 1 6 4 4 8 5 3 3 3 6 7 7 8 8 8 3 1 3 9 2 4 9 4 9 
4 9 1 3 8 7 5 4 1 3 3 2 7 6 1 5 9 6 5 2 6 5 4 7 3 
2 1 6 4 7 5 7 8 8 1 1 5 7 2 8 9 8 8 1 6 4 8 8 7 2 
7 2 4 2 8 8 6 8 1 6 5 1 5 9 2 5 1 7 6   2 2 4 6 6 
1 9 8 8 8 6 2 9 4 9 1 4 5 6 8 3 4 5 1 1 8 8 5 9 9 
5 1 4 8 2 3 6 7 6 8 5 6 4 4 9 9 9 4 2 5 4 5 7 6 8 
2 2 4 4 6 9 8 2 4 7 1 3 1 4 6 2 8 1 3 4 9 1 7 7 8 
1 1 1 9 1 1 7 2 6 4 1 1 7 1 4 5 7 6 6   6 9 7 6 5 
6 3 2 1 4 6 9 7 6 1 2 9 7 5 7 4 7 4 5   3 1 7 3 1 
5 3 1 9 5 9 5 1 7 4 4 4 9 8 5 6 3 3 9 4 2 3 1 2 4 
9 6 6 9 7 9 6 9 4 5 2 1 1 2 1 1 1 3 2 3 7 3 6 8 8 
5 3 3 1 5 6 9 4 1 1 8 1 8 4 9 8 2 7 6 7 8 9 1 8 8 
2 5 2 2 2 5 4 9 1 4 6 2 9 5 1 4 9 2 8 3 1 3 6 8 7 
8 1 6 8 5 2 5 9 3 6 6 8 9 6 8 8 8 7 1 1 9 7 4 7 7 
2 5 6 2 9 4 4 9 8 5 7 9 3 7 1 7 7 8 1 9 4 5 9 4 6 

Step 7:
7 3 5 5 2 3 4 5 6 8 4 5 1 9 1 1 6 8 4 6 9 2 5 6 7 
2 8 3 9 4 9 5 8 5 4 7 9 8 2 6 3 2 1 8 6 2 2 4 8 3 
5 9 3 7 4 4 7 5 7 6 2 5 5 6 9 5 1 1 7 8 9 1 3 1 1 
1 1 3 8 1 3 6 2 4 8 9 6 6 4 7 9 1 6 4 8 9 1 6 2 1 
6 6 9 1 1 2 4 7 2 7 9 8 3 2 5 2 3 5 7   3 3 5 8 4 
4 3 2 1 1 4 3 4 9 3 2 * 9 7 4 7 9 6 8 5 9 4 3 7 9 
9 2 3 9 6 3 2 4 9 2 1 9 5 9 6 2 9 6 5 3 5 1 3 9 1 
4 8 6 5 4 5 6 7 8 5 7 2 2 5 5 9 9 6 2   7 6 8 1 9 
2 2 1 6 9 9 7 6 7 8 1 4 3 6 1 2 3 4 5 2 4 6 3 5 7 
5 6 8 8 3 6 5 1 9 7 8   3 6 7 7 3 1 8   5 1 4 8 9 
8 1 6 4 4 8 5 3 3 3 6 7 7 8 8 8 3 1 3 9 2 4 9 4 9 
4 9 1 3 8 7 5 4 1 3 3 2 7 6 1 5 9 6 5 2 6 5 4 7 3 
2 1 6 4 7 5 7 8 8 1 1 5 7 2 8 9 8 8 1 6 4 8 8 7 2 
7 2 4 2 8 8 6 8 1 6 5 1 5 9 2 5 1 7 6   2 2 4 6 6 
1 9 8 8 8 6 2 9 4 9 1 4 5 6 8 3 4 5 1 1 8 8 5 9 9 
5 1 4 8 2 3 6 7 6 8 5 6 4 4 9 9 9 4 2 5 4 5 7 6 8 
2 2 4 4 6 9 8 2 4 7 1 3 1 4 6 2 8 1 3 4 9 1 7 7 8 
1 1 1 9 1 1 7 2 6 4 1 1 7 1 4 5 7 6 6   6 9 7 6 5 
6 3 2 1 4 6 9 7 6 1 2 9 7 5 7 4 7 4 5   3 1 7 3 1 
5 3 1 9 5 9 5 1 7 4 4 4 9 8 5 6 3 3 9 4 2 3 1 2 4 
9 6 6 9 7 9 6 9 4 5 2 1 1 2 1 1 1 3 2 3 7 3 6 8 8 
5 3 3 1 5 6 9 4 1 1 8 1 8 4 9 8 2 7 6 7 8 9 1 8 8 
2 5 2 2 2 5 4 9 1 4 6 2 9 5 1 4 9 2 8 3 1 3 6 8 7 
8 1 6 8 5 2 5 9 3 6 6 8 9 6 8 8 8 7 1 1 9 7 4 7 7 
2 5 6 2 9 4 4 9 8 5 7 9 3 7 1 7 7 8 1 9 4 5 9 4 6 

Step 8:
7 3 5 5 2 3 4 5 6 8 4 5 1 9 1 1 6 8 4 6 9 2 5 6 7 
2 8 3 9 4 9 5 8 5 4 7 9 8 2 6 3 2 1 8 6 2 2 4 8 3 
5 9 3 7 4 4 7 5 7 6 2 5 5 6 9 5 1 1 7 8 9 1 3 1 1 
1 1 3 8 1 3 6 2 4 8 9 6 6 4 7 9 1 6 4 8 9 1 6 2 1 
6 6 9 1 1 2 4 7 2 7 9 8 3 2 5 2 3 5 7   3 3 5 8 4 
4 3 2 1 1 4 3 4 9 3 2   9 7 4 7 9 6 8 5 9 4 3 7 9 
9 2 3 9 6 3 2 4 9 2 1 9 5 9 6 2 9 6 5 3 5 1 3 9 1 
4 8 6 5 4 5 6 7 8 5 7 2 2 5 5 9 9 6 2   7 6 8 1 9 
2 2 1 6 9 9 7 6 7 8 1 4 3 6 1 2 3 4 5 2 4 6 3 5 7 
5 6 8 8 3 6 5 1 9 7 8   3 6 7 7 3 1 8   5 1 4 8 9 
8 1 6 4 4 8 5 3 3 3 6 7 7 8 8 8 3 1 3 9 2 4 9 4 9 
4 9 1 3 8 7 5 4 1 3 3 2 7 6 1 5 9 6 5 2 6 5 4 7 3 
2 1 6 4 7 5 7 8 8 1 1 5 7 2 8 9 8 8 1 6 4 8 8 7 2 
7 2 4 2 8 8 6 8 1 6 5 1 5 9 2 5 1 7 6   2 2 4 6 6 
1 9 8 8 8 6 2 9 4 9 1 * 5 6 8 3 4 5 1 1 8 8 5 9 9 
5 1 4 8 2 3 6 7 6 8 5 6 4 4 9 9 9 4 2 5 4 5 7 6 8 
2 2 4 4 6 9 8 2 4 7 1 3 1 4 6 2 8 1 3 4 9 1 7 7 8 
1 1 1 9 1 1 7 2 6 4 1 1 7 1 4 5 7 6 6   6 9 7 6 5 
6 3 2 1 4 6 9 7 6 1 2 9 7 5 7 4 7 4 5   3 1 7 3 1 
5 3 1 9 5 9 5 1 7 4 4 4 9 8 5 6 3 3 9 4 2 3 1 2 4 
9 6 6 9 7 9 6 9 4 5 2 1 1 2 1 1 1 3 2 3 7 3 6 8 8 
5 3 3 1 5 6 9 4 1 1 8 1 8 4 9 8 2 7 6 7 8 9 1 8 8 
2 5 2 2 2 5 4 9 1 4 6 2 9 5 1 4 9 2 8 3 1 3 6 8 7 
8 1 6 8 5 2 5 9 3 6 6 8 9 6 8 8 8 7 1 1 9 7 4 7 7 
2 5 6 2 9 4 4 9 8 5 7 9 3 7 1 7 7 8 1 9 4 5 9 4 6 

Step 9:
7 3 5 5 2 3 4 5 6 8 4 5 1 9 1 1 6 8 4 6 9 2 5 6 7 
2 8 3 9 4 9 5 8 5 4 7 9 8 2 6 3 2 1 8 6 2 2 4 8 3 
5 9 3 7 4 4 7 5 7 6 2 5 5 6 9 5 1 1 7 8 9 1 3 1 1 
1 1 3 8 1 3 6 2 4 8 9 6 6 4 7 9 1 6 4 8 9 1 6 2 1 
6 6 9 1 1 2 4 7 2 7 9 8 3 2 5 2 3 5 7   3 3 5 8 4 
4 3 2 1 1 4 3 4 9 3 2   9 7 4 7 9 6 8 5 9 4 3 7 9 
9 2 3 9 6 3 2 4 9 2 1 9 5 9 6 2 9 6 5 3 5 1 3 9 1 
4 8 6 5 4 5 6 7 8 5 7 2 2 5 5 9 9 6 2   7 6 8 1 9 
2 2 1 6 9 9 7 6 7 8 1 4 3 6 1 2 3 4 5 2 4 6 3 5 7 
5 6 8 8 3 6 5 1 9 7 8   3 6 7 7 3 1 8   5 1 4 8 9 
8 1 6 4 4 8 5 3 3 3 6 7 7 8 8 8 3 1 3 9 2 4 9 4 9 
4 9 1 3 8 7 5 4 1 3 3 2 7 6 1 5 9 6 5 2 6 5 4 7 3 
2 1 6 4 7 5 7 8 8 1 1 5 7 2 8 9 8 8 1 6 4 8 8 7 2 
7 2 4 2 8 8 6 8 1 6 5 * 5 9 2 5 1 7 6   2 2 4 6 6 
1 9 8 8 8 6 2 9 4 9 1   5 6 8 3 4 5 1 1 8 8 5 9 9 
5 1 4 8 2 3 6 7 6 8 5 6 4 4 9 9 9 4 2 5 4 5 7 6 8 
2 2 4 4 6 9 8 2 4 7 1 3 1 4 6 2 8 1 3 4 9 1 7 7 8 
1 1 1 9 1 1 7 2 6 4 1 1 7 1 4 5 7 6 6   6 9 7 6 5 
6 3 2 1 4 6 9 7 6 1 2 9 7 5 7 4 7 4 5   3 1 7 3 1 
5 3 1 9 5 9 5 1 7 4 4 4 9 8 5 6 3 3 9 4 2 3 1 2 4 
9 6 6 9 7 9 6 9 4 5 2 1 1 2 1 1 1 3 2 3 7 3 6 8 8 
5 3 3 1 5 6 9 4 1 1 8 1 8 4 9 8 2 7 6 7 8 9 1 8 8 
2 5 2 2 2 5 4 9 1 4 6 2 9 5 1 4 9 2 8 3 1 3 6 8 7 
8 1 6 8 5 2 5 9 3 6 6 8 9 6 8 8 8 7 1 1 9 7 4 7 7 
2 5 6 2 9 4 4 9 8 5 7 9 3 7 1 7 7 8 1 9 4 5 9 4 6 

Step 10:
7 3 5 5 2 3 4 5 6 8 4 5 1 9 1 1 6 8 4 6 9 2 5 6 7 
2 8 3 9 4 9 5 8 5 4 7 9 8 2 6 3 2 1 8 6 2 2 4 8 3 
5 9 3 7 4 4 7 5 7 6 2 5 5 6 9 5 1 1 7 8 9 1 3 1 1 
1 1 3 8 1 3 6 2 4 8 9 6 6 4 7 9 1 6 4 8 9 1 6 2 1 
6 6 9 1 1 2 4 7 2 7 9 8 3 2 5 2 3 5 7   3 3 5 8 4 
4 3 2 1 1 4 3 4 9 3 2   9 7 4 7 9 6 8 5 9 4 3 7 9 
9 2 3 9 6 3 2 4 9 2 1 9 5 9 6 2 9 6 5 3 5 1 3 9 1 
4 8 6 5 4 5 6 7 8 5 7 2 2 5 5 9 9 6 2   7 6 8 1 9 
2 2 1 6 9 9 7 6 7 8 1 * 3 6 1 2 3 4 5 2 4 6 3 5 7 
5 6 8 8 3 6 5 1 9 7 8   3 6 7 7 3 1 8   5 1 4 8 9 
8 1 6 4 4 8 5 3 3 3 6 7 7 8 8 8 3 1 3 9 2 4 9 4 9 
4 9 1 3 8 7 5 4 1 3 3 2 7 6 1 5 9 6 5 2 6 5 4 7 3 
2 1 6 4 7 5 7 8 8 1 1 5 7 2 8 9 8 8 1 6 4 8 8 7 2 
7 2 4 2 8 8 6 8 1 6 5   5 9 2 5 1 7 6   2 2 4 6 6 
1 9 8 8 8 6 2 9 4 9 1   5 6 8 3 4 5 1 1 8 8 5 9 9 
5 1 4 8 2 3 6 7 6 8 5 6 4 4 9 9 9 4 2 5 4 5 7 6 8 
2 2 4 4 6 9 8 2 4 7 1 3 1 4 6 2 8 1 3 4 9 1 7 7 8 
1 1 1 9 1 1 7 2 6 4 1 1 7 1 4 5 7 6 6   6 9 7 6 5 
6 3 2 1 4 6 9 7 6 1 2 9 7 5 7 4 7 4 5   3 1 7 3 1 
5 3 1 9 5 9 5 1 7 4 4 4 9 8 5 6 3 3 9 4 2 3 1 2 4 
9 6 6 9 7 9 6 9 4 5 2 1 1 2 1 1 1 3 2 3 7 3 6 8 8 
5 3 3 1 5 6 9 4 1 1 8 1 8 4 9 8 2 7 6 7 8 9 1 8 8 
2 5 2 2 2 5 4 9 1 4 6 2 9 5 1 4 9 2 8 3 1 3 6 8 7 
8 1 6 8 5 2 5 9 3 6 6 8 9 6 8 8 8 7 1 1 9 7 4 7 7 
2 5 6 2 9 4 4 9 8 5 7 9 3 7 1 7 7 8 1 9 4 5 9 4 6 

Step 11:
7 3 5 5 2 3 4 5 6 8 4 5 1 9 1 1 6 8 4 6 9 2 5 6 7 
2 8 3 9 4 9 5 8 5 4 7 9 8 2 6 3 2 1 8 6 2 2 4 8 3 
5 9 3 7 4 4 7 5 7 6 2 5 5 6 9 5 1 1 7 8 9 1 3 1 1 
1 1 3 8 1 3 6 2 4 8 9 6 6 4 7 9 1 6 4 8 9 1 6 2 1 
6 6 9 1 1 2 4 7 2 7 9 8 3 2 5 2 3 5 7   3 3 5 8 4 
4 3 2 1 1 4 3 4 9 3 2   9 7 4 7 9 6 8 5 9 4 3 7 9 
9 2 3 9 6 3 2 4 9 2 1 * 5 9 6 2 9 6 5 3 5 1 3 9 1 
4 8 6 5 4 5 6 7 8 5 7 2 2 5 5 9 9 6 2   7 6 8 1 9 
2 2 1 6 9 9 7 6 7 8 1   3 6 1 2 3 4 5 2 4 6 3 5 7 
5 6 8 8 3 6 5 1 9 7 8   3 6 7 7 3 1 8   5 1 4 8 9 
8 1 6 4 4 8 5 3 3 3 6 7 7 8 8 8 3 1 3 9 2 4 9 4 9 
4 9 1 3 8 7 5 4 1 3 3 2 7 6 1 5 9 6 5 2 6 5 4 7 3 
2 1 6 4 7 5 7 8 8 1 1 5 7 2 8 9 8 8 1 6 4 8 8 7 2 
7 2 4 2 8 8 6 8 1 6 5   5 9 2 5 1 7 6   2 2 4 6 6 
1 9 8 8 8 6 2 9 4 9 1   5 6 8 3 4 5 1 1 8 8 5 9 9 
5 1 4 8 2 3 6 7 6 8 5 6 4 4 9 9 9 4 2 5 4 5 7 6 8 
2 2 4 4 6 9 8 2 4 7 1 3 1 4 6 2 8 1 3 4 9 1 7 7 8 
1 1 1 9 1 1 7 2 6 4 1 1 7 1 4 5 7 6 6   6 9 7 6 5 
6 3 2 1 4 6 9 7 6 1 2 9 7 5 7 4 7 4 5   3 1 7 3 1 
5 3 1 9 5 9 5 1 7 4 4 4 9 8 5 6 3 3 9 4 2 3 1 2 4 
9 6 6 9 7 9 6 9 4 5 2 1 1 2 1 1 1 3 2 3 7 3 6 8 8 
5 3 3 1 5 6 9 4 1 1 8 1 8 4 9 8 2 7 6 7 8 9 1 8 8 
2 5 2 2 2 5 4 9 1 4 6 2 9 5 1 4 9 2 8 3 1 3 6 8 7 
8 1 6 8 5 2 5 9 3 6 6 8 9 6 8 8 8 7 1 1 9 7 4 7 7 
2 5 6 2 9 4 4 9 8 5 7 9 3 7 1 7 7 8 1 9 4 5 9 4 6 

Step 12:
7 3 5 5 2 3 4 5 6 8 4 5 1 9 1 1 6 8 4 6 9 2 5 6 7 
2 8 3 9 4 9 5 8 5 4 7 9 8 2 6 3 2 1 8 6 2 2 4 8 3 
5 9 3 7 4 4 7 5 7 6 2 5 5 6 9 5 1 1 7 8 9 1 3 1 1 
1 1 3 8 1 3 6 2 4 8 9 6 6 4 7 9 1 6 4 8 9 1 6 2 1 
6 6 9 1 1 2 4 7 2 7 9 8 3 2 5 2 3 5 7   3 3 5 8 4 
4 3 2 1 1 4 3 4 9 3 2   9 7 4 7 9 6 8 5 9 4 3 7 9 
9 2 3 9 6 3 2 4 9 2 *   5 9 6 2 9 6 5 3 5 1 3 9 1 
4 8 6 5 4 5 6 7 8 5 7 2 2 5 5 9 9 6 2   7 6 8 1 9 
2 2 1 6 9 9 7 6 7 8 1   3 6 1 2 3 4 5 2 4 6 3 5 7 
5 6 8 8 3 6 5 1 9 7 8   3 6 7 7 3 1 8   5 1 4 8 9 
8 1 6 4 4 8 5 3 3 3 6 7 7 8 8 8 3 1 3 9 2 4 9 4 9 
4 9 1 3 8 7 5 4 1 3 3 2 7 6 1 5 9 6 5 2 6 5 4 7 3 
2 1 6 4 7 5 7 8 8 1 1 5 7 2 8 9 8 8 1 6 4 8 8 7 2 
7 2 4 2 8 8 6 8 1 6 5   5 9 2 5 1 7 6   2 2 4 6 6 
1 9 8 8 8 6 2 9 4 9 1   5 6 8 3 4 5 1 1 8 8 5 9 9 
5 1 4 8 2 3 6 7 6 8 5 6 4 4 9 9 9 4 2 5 4 5 7 6 8 
2 2 4 4 6 9 8 2 4 7 1 3 1 4 6 2 8 1 3 4 9 1 7 7 8 
1 1 1 9 1 1 7 2 6 4 1 1 7 1 4 5 7 6 6   6 9 7 6 5 
6 3 2 1 4 6 9 7 6 1 2 9 7 5 7 4 7 4 5   3 1 7 3 1 
5 3 1 9 5 9 5 1 7 4 4 4 9 8 5 6 3 3 9 4 2 3 1 2 4 
9 6 6 9 7 9 6 9 4 5 2 1 1 2 1 1 1 3 2 3 7 3 6 8 8 
5 3 3 1 5 6 9 4 1 1 8 1 8 4 9 8 2 7 6 7 8 9 1 8 8 
2 5 2 2 2 5 4 9 1 4 6 2 9 5 1 4 9 2 8 3 1 3 6 8 7 
8 1 6 8 5 2 5 9 3 6 6 8 9 6 8 8 8 7 1 1 9 7 4 7 7 
2 5 6 2 9 4 4 9 8 5 7 9 3 7 1 7 7 8 1 9 4 5 9 4 6 

Step 13:
7 3 5 5 2 3 4 5 6 8 4 5 1 9 1 1 6 8 4 6 9 2 5 6 7 
2 8 3 9 4 9 5 8 5 4 7 9 8 2 6 3 2 1 8 6 2 2 4 8 3 
5 9 3 7 4 4 7 5 7 6 2 5 5 6 9 5 1 1 7 8 9 1 3 1 1 
1 1 3 8 1 3 6 2 4 8 9 6 6 4 7 9 1 6 4 8 9 1 6 2 1 
6 6 9 1 1 2 4 7 2 7 * 8 3 2 5 2 3 5 7   3 3 5 8 4 
4 3 2 1 1 4 3 4 9 3 2   9 7 4 7 9 6 8 5 9 4 3 7 9 
9 2 3 9 6 3 2 4 9 2     5 9 6 2 9 6 5 3 5 1 3 9 1 
4 8 6 5 4 5 6 7 8 5 7 2 2 5 5 9 9 6 2   7 6 8 1 9 
2 2 1 6 9 9 7 6 7 8 1   3 6 1 2 3 4 5 2 4 6 3 5 7 
5 6 8 8 3 6 5 1 9 7 8   3 6 7 7 3 1 8   5 1 4 8 9 
8 1 6 4 4 8 5 3 3 3 6 7 7 8 8 8 3 1 3 9 2 4 9 4 9 
4 9 1 3 8 7 5 4 1 3 3 2 7 6 1 5 9 6 5 2 6 5 4 7 3 
2 1 6 4 7 5 7 8 8 1 1 5 7 2 8 9 8 8 1 6 4 8 8 7 2 
7 2 4 2 8 8 6 8 1 6 5   5 9 2 5 1 7 6   2 2 4 6 6 
1 9 8 8 8 6 2 9 4 9 1   5 6 8 3 4 5 1 1 8 8 5 9 9 
5 1 4 8 2 3 6 7 6 8 5 6 4 4 9 9 9 4 2 5 4 5 7 6 8 
2 2 4 4 6 9 8 2 4 7 1 3 1 4 6 2 8 1 3 4 9 1 7 7 8 
1 1 1 9 1 1 7 2 6 4 1 1 7 1 4 5 7 6 6   6 9 7 6 5 
6 3 2 1 4 6 9 7 6 1 2 9 7 5 7 4 7 4 5   3 1 7 3 1 
5 3 1 9 5 9 5 1 7 4 4 4 9 8 5 6 3 3 9 4 2 3 1 2 4 
9 6 6 9 7 9 6 9 4 5 2 1 1 2 1 1 1 3 2 3 7 3 6 8 8 
5 3 3 1 5 6 9 4 1 1 8 1 8 4 9 8 2 7 6 7 8 9 1 8 8 
2 5 2 2 2 5 4 9 1 4 6 2 9 5 1 4 9 2 8 3 1 3 6 8 7 
8 1 6 8 5 2 5 9 3 6 6 8 9 6 8 8 8 7 1 1 9 7 4 7 7 
2 5 6 2 9 4 4 9 8 5 7 9 3 7 1 7 7 8 1 9 4 5 9 4 6 

Step 14:
7 3 5 5 2 3 4 5 6 8 4 5 1 9 1 1 6 8 4 6 9 2 5 6 7 
2 8 3 9 4 9 5 8 5 4 7 9 8 2 6 3 2 1 8 6 2 2 4 8 3 
5 9 3 7 4 4 7 5 7 6 2 5 5 6 9 5 1 1 7 8 9 1 3 1 1 
1 1 3 8 1 3 6 2 4 8 9 6 6 4 7 9 1 6 4 8 9 1 6 2 1 
6 6 9 * 1 2 4 7 2 7   8 3 2 5 2 3 5 7   3 3 5 8 4 
4 3 2 1 1 4 3 4 9 3 2   9 7 4 7 9 6 8 5 9 4 3 7 9 
9 2 3 9 6 3 2 4 9 2     5 9 6 2 9 6 5 3 5 1 3 9 1 
4 8 6 5 4 5 6 7 8 5 7 2 2 5 5 9 9 6 2   7 6 8 1 9 
2 2 1 6 9 9 7 6 7 8 1   3 6 1 2 3 4 5 2 4 6 3 5 7 
5 6 8 8 3 6 5 1 9 7 8   3 6 7 7 3 1 8   5 1 4 8 9 
8 1 6 4 4 8 5 3 3 3 6 7 7 8 8 8 3 1 3 9 2 4 9 4 9 
4 9 1 3 8 7 5 4 1 3 3 2 7 6 1 5 9 6 5 2 6 5 4 7 3 
2 1 6 4 7 5 7 8 8 1 1 5 7 2 8 9 8 8 1 6 4 8 8 7 2 
7 2 4 2 8 8 6 8 1 6 5   5 9 2 5 1 7 6   2 2 4 6 6 
1 9 8 8 8 6 2 9 4 9 1   5 6 8 3 4 5 1 1 8 8 5 9 9 
5 1 4 8 2 3 6 7 6 8 5 6 4 4 9 9 9 4 2 5 4 5 7 6 8 
2 2 4 4 6 9 8 2 4 7 1 3 1 4 6 2 8 1 3 4 9 1 7 7 8 
1 1 1 9 1 1 7 2 6 4 1 1 7 1 4 5 7 6 6   6 9 7 6 5 
6 3 2 1 4 6 9 7 6 1 2 9 7 5 7 4 7 4 5   3 1 7 3 1 
5 3 1 9 5 9 5 1 7 4 4 4 9 8 5 6 3 3 9 4 2 3 1 2 4 
9 6 6 9 7 9 6 9 4 5 2 1 1 2 1 1 1 3 2 3 7 3 6 8 8 
5 3 3 1 5 6 9 4 1 1 8 1 8 4 9 8 2 7 6 7 8 9 1 8 8 
2 5 2 2 2 5 4 9 1 4 6 2 9 5 1 4 9 2 8 3 1 3 6 8 7 
8 1 6 8 5 2 5 9 3 6 6 8 9 6 8 8 8 7 1 1 9 7 4 7 7 
2 5 6 2 9 4 4 9 8 5 7 9 3 7 1 7 7 8 1 9 4 5 9 4 6 

Step 15:
7 3 5 5 2 3 4 5 6 8 4 5 1 9 1 1 6 8 4 6 9 2 5 6 7 
2 8 3 9 4 9 5 8 5 4 7 9 8 2 6 3 2 1 8 6 2 2 4 8 3 
5 9 3 7 4 4 7 5 7 6 2 5 5 6 9 5 1 1 7 8 9 1 3 1 1 
1 1 3 8 1 3 6 2 4 8 9 6 6 4 7 9 1 6 4 8 9 1 6 2 1 
6 6 9   1 2 4 7 2 7   8 3 2 5 2 3 5 7   3 3 5 8 4 
4 3 2 * 1 4 3 4 9 3 2   9 7 4 7 9 6 8 5 9 4 3 7 9 
9 2 3 9 6 3 2 4 9 2     5 9 6 2 9 6 5 3 5 1 3 9 1 
4 8 6 5 4 5 6 7 8 5 7 2 2 5 5 9 9 6 2   7 6 8 1 9 
2 2 1 6 9 9 7 6 7 8 1   3 6 1 2 3 4 5 2 4 6 3 5 7 
5 6 8 8 3 6 5 1 9 7 8   3 6 7 7 3 1 8   5 1 4 8 9 
8 1 6 4 4 8 5 3 3 3 6 7 7 8 8 8 3 1 3 9 2 4 9 4 9 
4 9 1 3 8 7 5 4 1 3 3 2 7 6 1 5 9 6 5 2 6 5 4 7 3 
2 1 6 4 7 5 7 8 8 1 1 5 7 2 8 9 8 8 1 6 4 8 8 7 2 
7 2 4 2 8 8 6 8 1 6 5   5 9 2 5 1 7 6   2 2 4 6 6 
1 9 8 8 8 6 2 9 4 9 1   5 6 8 3 4 5 1 1 8 8 5 9 9 
5 1 4 8 2 3 6 7 6 8 5 6 4 4 9 9 9 4 2 5 4 5 7 6 8 
2 2 4 4 6 9 8 2 4 7 1 3 1 4 6 2 8 1 3 4 9 1 7 7 8 
1 1 1 9 1 1 7 2 6 4 1 1 7 1 4 5 7 6 6   6 9 7 6 5 
6 3 2 1 4 6 9 7 6 1 2 9 7 5 7 4 7 4 5   3 1 7 3 1 
5 3 1 9 5 9 5 1 7 4 4 4 9 8 5 6 3 3 9 4 2 3 1 2 4 
9 6 6 9 7 9 6 9 4 5 2 1 1 2 1 1 1 3 2 3 7 3 6 8 8 
5 3 3 1 5 6 9 4 1 1 8 1 8 4 9 8 2 7 6 7 8 9 1 8 8 
2 5 2 2 2 5 4 9 1 4 6 2 9 5 1 4 9 2 8 3 1 3 6 8 7 
8 1 6 8 5 2 5 9 3 6 6 8 9 6 8 8 8 7 1 1 9 7 4 7 7 
2 5 6 2 9 4 4 9 8 5 7 9 3 7 1 7 7 8 1 9 4 5 9 4 6 

Step 16:
7 3 5 5 2 3 4 5 6 8 4 5 1 9 1 1 6 8 4 6 9 2 5 6 7 
2 8 3 9 4 9 5 8 5 4 7 9 8 2 6 3 2 1 8 6 2 2 4 8 3 
5 9 3 7 4 4 7 5 7 6 2 5 5 6 9 5 1 1 7 8 9 1 3 1 1 
1 1 3 8 1 3 6 2 4 8 9 6 6 4 7 9 1 6 4 8 9 1 6 2 1 
6 6 9   1 2 4 7 2 7   8 3 2 5 2 3 5 7   3 3 5 8 4 
4 3 2   1 4 3 4 9 3 2   9 7 4 7 9 6 8 5 9 4 3 7 9 
9 2 3 9 6 3 2 4 9 2     5 9 6 2 9 6 5 3 5 1 3 9 1 
4 8 6 5 4 5 6 7 8 5 7 2 2 5 5 9 9 6 2   7 6 8 1 9 
2 2 1 6 9 9 7 6 7 8 1   3 6 1 2 3 4 5 2 4 6 3 5 7 
5 6 8 8 3 6 5 1 9 7 8   3 6 7 7 3 1 8   5 1 4 8 9 
8 1 6 4 4 8 5 3 3 3 6 7 7 8 8 8 3 1 3 9 2 4 9 4 9 
4 9 1 3 8 7 5 4 1 3 3 2 7 6 1 5 9 6 5 2 6 5 4 7 3 
2 1 6 4 7 5 7 8 8 1 1 5 7 2 8 9 8 8 1 6 4 8 8 7 2 
7 2 4 2 8 8 6 8 1 6 5   5 9 2 5 1 7 6   2 2 4 6 6 
1 9 8 * 8 6 2 9 4 9 1   5 6 8 3 4 5 1 1 8 8 5 9 9 
5 1 4 8 2 3 6 7 6 8 5 6 4 4 9 9 9 4 2 5 4 5 7 6 8 
2 2 4 4 6 9 8 2 4 7 1 3 1 4 6 2 8 1 3 4 9 1 7 7 8 
1 1 1 9 1 1 7 2 6 4 1 1 7 1 4 5 7 6 6   6 9 7 6 5 
6 3 2 1 4 6 9 7 6 1 2 9 7 5 7 4 7 4 5   3 1 7 3 1 
5 3 1 9 5 9 5 1 7 4 4 4 9 8 5 6 3 3 9 4 2 3 1 2 4 
9 6 6 9 7 9 6 9 4 5 2 1 1 2 1 1 1 3 2 3 7 3 6 8 8 
5 3 3 1 5 6 9 4 1 1 8 1 8 4 9 8 2 7 6 7 8 9 1 8 8 
2 5 2 2 2 5 4 9 1 4 6 2 9 5 1 4 9 2 8 3 1 3 6 8 7 
8 1 6 8 5 2 5 9 3 6 6 8 9 6 8 8 8 7 1 1 9 7 4 7 7 
2 5 6 2 9 4 4 9 8 5 7 9 3 7 1 7 7 8 1 9 4 5 9 4 6 

Step 17:
7 3 5 5 2 3 4 5 6 8 4 5 1 9 1 1 6 8 4 6 9 2 5 6 7 
2 8 3 9 4 9 5 8 5 4 7 9 8 2 6 3 2 1 8 6 2 2 4 8 3 
5 9 3 7 4 4 7 5 7 6 2 5 5 6 9 5 1 1 7 8 9 1 3 1 1 
1 1 3 8 1 3 6 2 4 8 9 6 6 4 7 9 1 6 4 8 9 1 6 2 1 
6 6 9   1 2 4 7 2 7   8 3 2 5 2 3 5 7   3 3 5 8 4 
4 3 2   1 4 3 4 9 3 2   9 7 4 7 9 6 8 5 9 4 3 7 9 
9 2 3 9 6 3 2 4 9 2     5 9 6 2 9 6 5 3 5 1 3 9 1 
4 8 6 5 4 5 6 7 8 5 7 2 2 5 5 9 9 6 2   7 6 8 1 9 
2 2 1 6 9 9 7 6 7 8 1   3 6 1 2 3 4 5 2 4 6 3 5 7 
5 6 8 8 3 6 5 1 9 7 8   3 6 7 7 3 1 8   5 1 4 8 9 
8 1 6 4 4 8 5 3 3 3 6 7 7 8 8 8 3 1 3 9 2 4 9 4 9 
4 9 1 3 8 7 5 4 1 3 3 2 7 6 1 5 9 6 5 2 6 5 4 7 3 
2 1 6 * 7 5 7 8 8 1 1 5 7 2 8 9 8 8 1 6 4 8 8 7 2 
7 2 4 2 8 8 6 8 1 6 5   5 9 2 5 1 7 6   2 2 4 6 6 
1 9 8   8 6 2 9 4 9 1   5 6 8 3 4 5 1 1 8 8 5 9 9 
5 1 4 8 2 3 6 7 6 8 5 6 4 4 9 9 9 4 2 5 4 5 7 6 8 
2 2 4 4 6 9 8 2 4 7 1 3 1 4 6 2 8 1 3 4 9 1 7 7 8 
1 1 1 9 1 1 7 2 6 4 1 1 7 1 4 5 7 6 6   6 9 7 6 5 
6 3 2 1 4 6 9 7 6 1 2 9 7 5 7 4 7 4 5   3 1 7 3 1 
5 3 1 9 5 9 5 1 7 4 4 4 9 8 5 6 3 3 9 4 2 3 1 2 4 
9 6 6 9 7 9 6 9 4 5 2 1 1 2 1 1 1 3 2 3 7 3 6 8 8 
5 3 3 1 5 6 9 4 1 1 8 1 8 4 9 8 2 7 6 7 8 9 1 8 8 
2 5 2 2 2 5 4 9 1 4 6 2 9 5 1 4 9 2 8 3 1 3 6 8 7 
8 1 6 8 5 2 5 9 3 6 6 8 9 6 8 8 8 7 1 1 9 7 4 7 7 
2 5 6 2 9 4 4 9 8 5 7 9 3 7 1 7 7 8 1 9 4 5 9 4 6 

Step 18:
7 3 5 5 2 3 4 5 6 8 4 5 1 9 1 1 6 8 4 6 9 2 5 6 7 
2 8 3 9 4 9 5 8 5 4 7 9 8 2 6 3 2 1 8 6 2 2 4 8 3 
5 9 3 7 4 4 7 5 7 6 2 5 5 6 9 5 1 1 7 8 9 1 3 1 1 
1 1 3 8 1 3 6 2 4 8 9 6 6 4 7 9 1 6 4 8 9 1 6 2 1 
6 6 9   1 2 4 7 2 7   8 3 2 5 2 3 5 7   3 3 5 8 4 
4 3 2   1 4 3 4 9 3 2   9 7 4 7 9 6 8 5 9 4 3 7 9 
9 2 3 9 6 3 2 4 9 2     5 9 6 2 9 6 5 3 5 1 3 9 1 
4 8 6 5 4 5 6 7 8 5 7 2 2 5 5 9 9 6 2   7 6 8 1 9 
2 2 1 6 9 9 7 6 7 8 1   3 6 1 2 3 4 5 2 4 6 3 5 7 
5 6 8 * 3 6 5 1 9 7 8   3 6 7 7 3 1 8   5 1 4 8 9 
8 1 6 4 4 8 5 3 3 3 6 7 7 8 8 8 3 1 3 9 2 4 9 4 9 
4 9 1 3 8 7 5 4 1 3 3 2 7 6 1 5 9 6 5 2 6 5 4 7 3 
2 1 6   7 5 7 8 8 1 1 5 7 2 8 9 8 8 1 6 4 8 8 7 2 
7 2 4 2 8 8 6 8 1 6 5   5 9 2 5 1 7 6   2 2 4 6 6 
1 9 8   8 6 2 9 4 9 1   5 6 8 3 4 5 1 1 8 8 5 9 9 
5 1 4 8 2 3 6 7 6 8 5 6 4 4 9 9 9 4 2 5 4 5 7 6 8 
2 2 4 4 6 9 8 2 4 7 1 3 1 4 6 2 8 1 3 4 9 1 7 7 8 
1 1 1 9 1 1 7 2 6 4 1 1 7 1 4 5 7 6 6   6 9 7 6 5 
6 3 2 1 4 6 9 7 6 1 2 9 7 5 7 4 7 4 5   3 1 7 3 1 
5 3 1 9 5 9 5 1 7 4 4 4 9 8 5 6 3 3 9 4 2 3 1 2 4 
9 6 6 9 7 9 6 9 4 5 2 1 1 2 1 1 1 3 2 3 7 3 6 8 8 
5 3 3 1 5 6 9 4 1 1 8 1 8 4 9 8 2 7 6 7 8 9 1 8 8 
2 5 2 2 2 5 4 9 1 4 6 2 9 5 1 4 9 2 8 3 1 3 6 8 7 
8 1 6 8 5 2 5 9 3 6 6 8 9 6 8 8 8 7 1 1 9 7 4 7 7 
2 5 6 2 9 4 4 9 8 5 7 9 3 7 1 7 7 8 1 9 4 5 9 4 6 

Step 19:
7 3 5 5 2 3 4 5 6 8 4 5 1 9 1 1 6 8 4 6 9 2 5 6 7 
2 8 3 9 4 9 5 8 5 4 7 9 8 2 6 3 2 1 8 6 2 2 4 8 3 
5 9 3 7 4 4 7 5 7 6 2 5 5 6 9 5 1 1 7 8 9 1 3 1 1 
1 1 3 * 1 3 6 2 4 8 9 6 6 4 7 9 1 6 4 8 9 1 6 2 1 
6 6 9   1 2 4 7 2 7   8 3 2 5 2 3 5 7   3 3 5 8 4 
4 3 2   1 4 3 4 9 3 2   9 7 4 7 9 6 8 5 9 4 3 7 9 
9 2 3 9 6 3 2 4 9 2     5 9 6 2 9 6 5 3 5 1 3 9 1 
4 8 6 5 4 5 6 7 8 5 7 2 2 5 5 9 9 6 2   7 6 8 1 9 
2 2 1 6 9 9 7 6 7 8 1   3 6 1 2 3 4 5 2 4 6 3 5 7 
5 6 8   3 6 5 1 9 7 8   3 6 7 7 3 1 8   5 1 4 8 9 
8 1 6 4 4 8 5 3 3 3 6 7 7 8 8 8 3 1 3 9 2 4 9 4 9 
4 9 1 3 8 7 5 4 1 3 3 2 7 6 1 5 9 6 5 2 6 5 4 7 3 
2 1 6   7 5 7 8 8 1 1 5 7 2 8 9 8 8 1 6 4 8 8 7 2 
7 2 4 2 8 8 6 8 1 6 5   5 9 2 5 1 7 6   2 2 4 6 6 
1 9 8   8 6 2 9 4 9 1   5 6 8 3 4 5 1 1 8 8 5 9 9 
5 1 4 8 2 3 6 7 6 8 5 6 4 4 9 9 9 4 2 5 4 5 7 6 8 
2 2 4 4 6 9 8 2 4 7 1 3 1 4 6 2 8 1 3 4 9 1 7 7 8 
1 1 1 9 1 1 7 2 6 4 1 1 7 1 4 5 7 6 6   6 9 7 6 5 
6 3 2 1 4 6 9 7 6 1 2 9 7 5 7 4 7 4 5   3 1 7 3 1 
5 3 1 9 5 9 5 1 7 4 4 4 9 8 5 6 3 3 9 4 2 3 1 2 4 
9 6 6 9 7 9 6 9 4 5 2 1 1 2 1 1 1 3 2 3 7 3 6 8 8 
5 3 3 1 5 6 9 4 1 1 8 1 8 4 9 8 2 7 6 7 8 9 1 8 8 
2 5 2 2 2 5 4 9 1 4 6 2 9 5 1 4 9 2 8 3 1 3 6 8 7 
8 1 6 8 5 2 5 9 3 6 6 8 9 6 8 8 8 7 1 1 9 7 4 7 7 
2 5 6 2 9 4 4 9 8 5 7 9 3 7 1 7 7 8 1 9 4 5 9 4 6 

Step 20:
7 3 5 5 2 3 4 5 6 8 4 5 1 9 1 1 6 8 4 6 9 2 5 6 7 
2 8 3 9 4 9 5 8 5 4 7 9 8 2 6 3 2 1 8 6 2 2 4 8 3 
5 9 3 7 4 4 7 5 7 6 2 5 5 6 9 5 1 1 7 8 9 1 3 1 1 
* 1 3   1 3 6 2 4 8 9 6 6 4 7 9 1 6 4 8 9 1 6 2 1 
6 6 9   1 2 4 7 2 7   8 3 2 5 2 3 5 7   3 3 5 8 4 
4 3 2   1 4 3 4 9 3 2   9 7 4 7 9 6 8 5 9 4 3 7 9 
9 2 3 9 6 3 2 4 9 2     5 9 6 2 9 6 5 3 5 1 3 9 1 
4 8 6 5 4 5 6 7 8 5 7 2 2 5 5 9 9 6 2   7 6 8 1 9 
2 2 1 6 9 9 7 6 7 8 1   3 6 1 2 3 4 5 2 4 6 3 5 7 
5 6 8   3 6 5 1 9 7 8   3 6 7 7 3 1 8   5 1 4 8 9 
8 1 6 4 4 8 5 3 3 3 6 7 7 8 8 8 3 1 3 9 2 4 9 4 9 
4 9 1 3 8 7 5 4 1 3 3 2 7 6 1 5 9 6 5 2 6 5 4 7 3 
2 1 6   7 5 7 8 8 1 1 5 7 2 8 9 8 8 1 6 4 8 8 7 2 
7 2 4 2 8 8 6 8 1 6 5   5 9 2 5 1 7 6   2 2 4 6 6 
1 9 8   8 6 2 9 4 9 1   5 6 8 3 4 5 1 1 8 8 5 9 9 
5 1 4 8 2 3 6 7 6 8 5 6 4 4 9 9 9 4 2 5 4 5 7 6 8 
2 2 4 4 6 9 8 2 4 7 1 3 1 4 6 2 8 1 3 4 9 1 7 7 8 
1 1 1 9 1 1 7 2 6 4 1 1 7 1 4 5 7 6 6   6 9 7 6 5 
6 3 2 1 4 6 9 7 6 1 2 9 7 5 7 4 7 4 5   3 1 7 3 1 
5 3 1 9 5 9 5 1 7 4 4 4 9 8 5 6 3 3 9 4 2 3 1 2 4 
9 6 6 9 7 9 6 9 4 5 2 1 1 2 1 1 1 3 2 3 7 3 6 8 8 
5 3 3 1 5 6 9 4 1 1 8 1 8 4 9 8 2 7 6 7 8 9 1 8 8 
2 5 2 2 2 5 4 9 1 4 6 2 9 5 1 4 9 2 8 3 1 3 6 8 7 
8 1 6 8 5 2 5 9 3 6 6 8 9 6 8 8 8 7 1 1 9 7 4 7 7 
2 5 6 2 9 4 4 9 8 5 7 9 3 7 1 7 7 8 1 9 4 5 9 4 6 

Step 21:
7 3 5 5 2 3 4 5 6 8 4 5 1 9 1 1 6 8 4 6 9 2 5 6 7 
2 8 3 9 4 9 5 8 5 4 7 9 8 2 6 3 2 1 8 6 2 2 4 8 3 
5 9 3 7 4 4 7 5 7 6 2 5 5 6 9 5 1 1 7 8 9 1 3 1 1 
  1 3   1 3 6 2 4 8 9 6 6 4 7 9 1 6 4 8 9 1 6 2 1 
6 6 9   1 2 4 7 2 7   8 3 2 5 2 3 5 7   3 3 5 8 4 
4 3 2   1 4 3 4 9 3 2   9 7 4 7 9 6 8 5 9 4 3 7 9 
9 2 3 9 6 3 2 4 9 2     5 9 6 2 9 6 5 3 5 1 3 9 1 
4 8 6 5 4 5 6 7 8 5 7 2 2 5 5 9 9 6 2   7 6 8 1 9 
2 2 1 6 9 9 7 6 7 8 1   3 6 1 2 3 4 5 2 4 6 3 5 7 
* 6 8   3 6 5 1 9 7 8   3 6 7 7 3 1 8   5 1 4 8 9 
8 1 6 4 4 8 5 3 3 3 6 7 7 8 8 8 3 1 3 9 2 4 9 4 9 
4 9 1 3 8 7 5 4 1 3 3 2 7 6 1 5 9 6 5 2 6 5 4 7 3 
2 1 6   7 5 7 8 8 1 1 5 7 2 8 9 8 8 1 6 4 8 8 7 2 
7 2 4 2 8 8 6 8 1 6 5   5 9 2 5 1 7 6   2 2 4 6 6 
1 9 8   8 6 2 9 4 9 1   5 6 8 3 4 5 1 1 8 8 5 9 9 
5 1 4 8 2 3 6 7 6 8 5 6 4 4 9 9 9 4 2 5 4 5 7 6 8 
2 2 4 4 6 9 8 2 4 7 1 3 1 4 6 2 8 1 3 4 9 1 7 7 8 
1 1 1 9 1 1 7 2 6 4 1 1 7 1 4 5 7 6 6   6 9 7 6 5 
6 3 2 1 4 6 9 7 6 1 2 9 7 5 7 4 7 4 5   3 1 7 3 1 
5 3 1 9 5 9 5 1 7 4 4 4 9 8 5 6 3 3 9 4 2 3 1 2 4 
9 6 6 9 7 9 6 9 4 5 2 1 1 2 1 1 1 3 2 3 7 3 6 8 8 
5 3 3 1 5 6 9 4 1 1 8 1 8 4 9 8 2 7 6 7 8 9 1 8 8 
2 5 2 2 2 5 4 9 1 4 6 2 9 5 1 4 9 2 8 3 1 3 6 8 7 
8 1 6 8 5 2 5 9 3 6 6 8 9 6 8 8 8 7 1 1 9 7 4 7 7 
2 5 6 2 9 4 4 9 8 5 7 9 3 7 1 7 7 8 1 9 4 5 9 4 6 

Step 22:
7 3 5 5 2 3 4 5 6 8 4 5 1 9 1 1 6 8 4 6 9 2 5 6 7 
2 8 3 9 4 9 5 8 5 4 7 9 8 2 6 3 2 1 8 6 2 2 4 8 3 
5 9 3 7 4 4 7 5 7 6 2 5 5 6 9 5 1 1 7 8 9 1 3 1 1 
  1 3   1 3 6 2 4 8 9 6 6 4 7 9 1 6 4 8 9 1 6 2 1 
6 6 9   1 2 4 7 2 7   8 3 2 5 2 3 5 7   3 3 5 8 4 
4 3 2   1 4 3 4 9 3 2   9 7 4 7 9 6 8 5 9 4 3 7 9 
9 2 3 9 6 3 2 4 9 2     5 9 6 2 9 6 5 3 5 1 3 9 1 
* 8 6 5 4 5 6 7 8 5 7 2 2 5 5 9 9 6 2   7 6 8 1 9 
2 2 1 6 9 9 7 6 7 8 1   3 6 1 2 3 4 5 2 4 6 3 5 7 
  6 8   3 6 5 1 9 7 8   3 6 7 7 3 1 8   5 1 4 8 9 
8 1 6 4 4 8 5 3 3 3 6 7 7 8 8 8 3 1 3 9 2 4 9 4 9 
4 9 1 3 8 7 5 4 1 3 3 2 7 6 1 5 9 6 5 2 6 5 4 7 3 
2 1 6   7 5 7 8 8 1 1 5 7 2 8 9 8 8 1 6 4 8 8 7 2 
7 2 4 2 8 8 6 8 1 6 5   5 9 2 5 1 7 6   2 2 4 6 6 
1 9 8   8 6 2 9 4 9 1   5 6 8 3 4 5 1 1 8 8 5 9 9 
5 1 4 8 2 3 6 7 6 8 5 6 4 4 9 9 9 4 2 5 4 5 7 6 8 
2 2 4 4 6 9 8 2 4 7 1 3 1 4 6 2 8 1 3 4 9 1 7 7 8 
1 1 1 9 1 1 7 2 6 4 1 1 7 1 4 5 7 6 6   6 9 7 6 5 
6 3 2 1 4 6 9 7 6 1 2 9 7 5 7 4 7 4 5   3 1 7 3 1 
5 3 1 9 5 9 5 1 7 4 4 4 9 8 5 6 3 3 9 4 2 3 1 2 4 
9 6 6 9 7 9 6 9 4 5 2 1 1 2 1 1 1 3 2 3 7 3 6 8 8 
5 3 3 1 5 6 9 4 1 1 8 1 8 4 9 8 2 7 6 7 8 9 1 8 8 
2 5 2 2 2 5 4 9 1 4 6 2 9 5 1 4 9 2 8 3 1 3 6 8 7 
8 1 6 8 5 2 5 9 3 6 6 8 9 6 8 8 8 7 1 1 9 7 4 7 7 
2 5 6 2 9 4 4 9 8 5 7 9 3 7 1 7 7 8 1 9 4 5 9 4 6 

Step 23:
7 3 5 5 2 3 4 5 6 8 4 5 1 9 1 1 6 8 4 6 9 2 5 6 7 
2 8 3 9 4 9 5 8 5 4 7 9 8 2 6 3 2 1 8 6 2 2 4 8 3 
5 9 3 7 4 4 7 5 7 6 2 5 5 6 9 5 1 1 7 8 9 1 3 1 1 
  1 3   1 3 6 2 4 8 9 6 6 4 7 9 1 6 4 8 9 1 6 2 1 
6 6 9   1 2 4 7 2 7   8 3 2 5 2 3 5 7   3 3 5 8 4 
4 3 2   1 4 3 4 9 3 2   9 7 4 7 9 6 8 5 9 4 3 7 9 
9 2 3 9 6 3 2 4 9 2     5 9 6 2 9 6 5 3 5 1 3 9 1 
  8 6 5 4 5 6 7 * 5 7 2 2 5 5 9 9 6 2   7 6 8 1 9 
2 2 1 6 9 9 7 6 7 8 1   3 6 1 2 3 4 5 2 4 6 3 5 7 
  6 8   3 6 5 1 9 7 8   3 6 7 7 3 1 8   5 1 4 8 9 
8 1 6 4 4 8 5 3 3 3 6 7 7 8 8 8 3 1 3 9 2 4 9 4 9 
4 9 1 3 8 7 5 4 1 3 3 2 7 6 1 5 9 6 5 2 6 5 4 7 3 
2 1 6   7 5 7 8 8 1 1 5 7 2 8 9 8 8 1 6 4 8 8 7 2 
7 2 4 2 8 8 6 8 1 6 5   5 9 2 5 1 7 6   2 2 4 6 6 
1 9 8   8 6 2 9 4 9 1   5 6 8 3 4 5 1 1 8 8 5 9 9 
5 1 4 8 2 3 6 7 6 8 5 6 4 4 9 9 9 4 2 5 4 5 7 6 8 
2 2 4 4 6 9 8 2 4 7 1 3 1 4 6 2 8 1 3 4 9 1 7 7 8 
1 1 1 9 1 1 7 2 6 4 1 1 7 1 4 5 7 6 6   6 9 7 6 5 
6 3 2 1 4 6 9 7 6 1 2 9 7 5 7 4 7 4 5   3 1 7 3 1 
5 3 1 9 5 9 5 1 7 4 4 4 9 8 5 6 3 3 9 4 2 3 1 2 4 
9 6 6 9 7 9 6 9 4 5 2 1 1 2 1 1 1 3 2 3 7 3 6 8 8 
5 3 3 1 5 6 9 4 1 1 8 1 8 4 9 8 2 7 6 7 8 9 1 8 8 
2 5 2 2 2 5 4 9 1 4 6 2 9 5 1 4 9 2 8 3 1 3 6 8 7 
8 1 6 8 5 2 5 9 3 6 6 8 9 6 8 8 8 7 1 1 9 7 4 7 7 
2 5 6 2 9 4 4 9 8 5 7 9 3 7 1 7 7 8 1 9 4 5 9 4 6 

Step 24:
7 3 5 5 2 3 4 5 6 8 4 5 1 9 1 1 6 8 4 6 9 2 5 6 7 
2 8 3 9 4 9 5 8 5 4 7 9 8 2 6 3 2 1 8 6 2 2 4 8 3 
5 9 3 7 4 4 7 5 7 6 2 5 5 6 9 5 1 1 7 8 9 1 3 1 1 
  1 3   1 3 6 2 4 8 9 6 6 4 7 9 1 6 4 8 9 1 6 2 1 
6 6 9   1 2 4 7 2 7   8 3 2 5 2 3 5 7   3 3 5 8 4 
4 3 2   1 4 3 4 9 3 2   9 7 4 7 9 6 8 5 9 4 3 7 9 
9 2 3 9 6 3 2 4 9 2     5 9 6 2 9 6 5 3 5 1 3 9 1 
  8 6 5 4 5 6 7   5 7 2 2 5 5 9 9 6 2   7 6 8 1 9 
2 2 1 6 9 9 7 6 7 8 1   3 6 1 2 3 4 5 2 4 6 3 5 7 
  6 8   3 6 5 1 9 7 8   3 6 7 7 3 1 8   5 1 4 8 9 
8 1 6 4 4 8 5 3 3 3 6 7 7 8 8 8 3 1 3 9 2 4 9 4 9 
4 9 1 3 8 7 5 4 1 3 3 2 7 6 1 5 9 6 5 2 6 5 4 7 3 
2 1 6   7 5 7 8 8 1 1 5 7 2 8 9 8 8 1 6 4 8 8 7 2 
7 2 4 2 8 8 6 8 1 6 5   5 9 2 5 1 7 6   2 2 4 6 6 
1 9 8   8 6 2 9 * 9 1   5 6 8 3 4 5 1 1 8 8 5 9 9 
5 1 4 8 2 3 6 7 6 8 5 6 4 4 9 9 9 4 2 5 4 5 7 6 8 
2 2 4 4 6 9 8 2 4 7 1 3 1 4 6 2 8 1 3 4 9 1 7 7 8 
1 1 1 9 1 1 7 2 6 4 1 1 7 1 4 5 7 6 6   6 9 7 6 5 
6 3 2 1 4 6 9 7 6 1 2 9 7 5 7 4 7 4 5   3 1 7 3 1 
5 3 1 9 5 9 5 1 7 4 4 4 9 8 5 6 3 3 9 4 2 3 1 2 4 
9 6 6 9 7 9 6 9 4 5 2 1 1 2 1 1 1 3 2 3 7 3 6 8 8 
5 3 3 1 5 6 9 4 1 1 8 1 8 4 9 8 2 7 6 7 8 9 1 8 8 
2 5 2 2 2 5 4 9 1 4 6 2 9 5 1 4 9 2 8 3 1 3 6 8 7 
8 1 6 8 5 2 5 9 3 6 6 8 9 6 8 8 8 7 1 1 9 7 4 7 7 
2 5 6 2 9 4 4 9 8 5 7 9 3 7 1 7 7 8 1 9 4 5 9 4 6 

Step 25:
7 3 5 5 2 3 4 5 6 8 4 5 1 9 1 1 6 8 4 6 9 2 5 6 7 
2 8 3 9 4 9 5 8 5 4 7 9 8 2 6 3 2 1 8 6 2 2 4 8 3 
5 9 3 7 4 4 7 5 7 6 2 5 5 6 9 5 1 1 7 8 9 1 3 1 1 
  1 3   1 3 6 2 4 8 9 6 6 4 7 9 1 6 4 8 9 1 6 2 1 
6 6 9   1 2 4 7 2 7   8 3 2 5 2 3 5 7   3 3 5 8 4 
4 3 2   1 4 3 4 9 3 2   9 7 4 7 9 6 8 5 9 4 3 7 9 
9 2 3 9 6 3 2 4 9 2     5 9 6 2 9 6 5 3 5 1 3 9 1 
  8 6 5 4 5 6 7   5 7 2 2 5 5 9 9 6 2   7 6 8 1 9 
2 2 1 6 9 9 7 6 7 8 1   3 6 1 2 3 4 5 2 4 6 3 5 7 
  6 8   3 6 5 1 9 7 8   3 6 7 7 3 1 8   5 1 4 8 9 
8 1 6 4 4 8 5 3 3 3 6 7 7 8 8 8 3 1 3 9 2 4 9 4 9 
4 9 1 3 8 7 5 4 1 3 3 2 7 6 1 5 9 6 5 2 6 5 4 7 3 
2 1 6   7 5 7 8 8 1 1 5 7 2 8 9 8 8 1 6 4 8 8 7 2 
7 2 4 2 8 8 6 8 * 6 5   5 9 2 5 1 7 6   2 2 4 6 6 
1 9 8   8 6 2 9   9 1   5 6 8 3 4 5 1 1 8 8 5 9 9 
5 1 4 8 2 3 6 7 6 8 5 6 4 4 9 9 9 4 2 5 4 5 7 6 8 
2 2 4 4 6 9 8 2 4 7 1 3 1 4 6 2 8 1 3 4 9 1 7 7 8 
1 1 1 9 1 1 7 2 6 4 1 1 7 1 4 5 7 6 6   6 9 7 6 5 
6 3 2 1 4 6 9 7 6 1 2 9 7 5 7 4 7 4 5   3 1 7 3 1 
5 3 1 9 5 9 5 1 7 4 4 4 9 8 5 6 3 3 9 4 2 3 1 2 4 
9 6 6 9 7 9 6 9 4 5 2 1 1 2 1 1 1 3 2 3 7 3 6 8 8 
5 3 3 1 5 6 9 4 1 1 8 1 8 4 9 8 2 7 6 7 8 9 1 8 8 
2 5 2 2 2 5 4 9 1 4 6 2 9 5 1 4 9 2 8 3 1 3 6 8 7 
8 1 6 8 5 2 5 9 3 6 6 8 9 6 8 8 8 7 1 1 9 7 4 7 7 
2 5 6 2 9 4 4 9 8 5 7 9 3 7 1 7 7 8 1 9 4 5 9 4 6 

Step 26:
7 3 5 5 2 3 4 5 6 8 4 5 1 9 1 1 6 8 4 6 9 2 5 6 7 
2 8 3 9 4 9 5 8 5 4 7 9 8 2 6 3 2 1 8 6 2 2 4 8 3 
5 9 3 7 4 4 7 5 7 6 2 5 5 6 9 5 1 1 7 8 9 1 3 1 1 
  1 3   1 3 6 2 4 8 9 6 6 4 7 9 1 6 4 8 9 1 6 2 1 
6 6 9   1 2 4 7 2 7   8 3 2 5 2 3 5 7   3 3 5 8 4 
4 3 2   1 4 3 4 * 3 2   9 7 4 7 9 6 8 5 9 4 3 7 9 
9 2 3 9 6 3 2 4 9 2     5 9 6 2 9 6 5 3 5 1 3 9 1 
  8 6 5 4 5 6 7   5 7 2 2 5 5 9 9 6 2   7 6 8 1 9 
2 2 1 6 9 9 7 6 7 8 1   3 6 1 2 3 4 5 2 4 6 3 5 7 
  6 8   3 6 5 1 9 7 8   3 6 7 7 3 1 8   5 1 4 8 9 
8 1 6 4 4 8 5 3 3 3 6 7 7 8 8 8 3 1 3 9 2 4 9 4 9 
4 9 1 3 8 7 5 4 1 3 3 2 7 6 1 5 9 6 5 2 6 5 4 7 3 
2 1 6   7 5 7 8 8 1 1 5 7 2 8 9 8 8 1 6 4 8 8 7 2 
7 2 4 2 8 8 6 8   6 5   5 9 2 5 1 7 6   2 2 4 6 6 
1 9 8   8 6 2 9   9 1   5 6 8 3 4 5 1 1 8 8 5 9 9 
5 1 4 8 2 3 6 7 6 8 5 6 4 4 9 9 9 4 2 5 4 5 7 6 8 
2 2 4 4 6 9 8 2 4 7 1 3 1 4 6 2 8 1 3 4 9 1 7 7 8 
1 1 1 9 1 1 7 2 6 4 1 1 7 1 4 5 7 6 6   6 9 7 6 5 
6 3 2 1 4 6 9 7 6 1 2 9 7 5 7 4 7 4 5   3 1 7 3 1 
5 3 1 9 5 9 5 1 7 4 4 4 9 8 5 6 3 3 9 4 2 3 1 2 4 
9 6 6 9 7 9 6 9 4 5 2 1 1 2 1 1 1 3 2 3 7 3 6 8 8 
5 3 3 1 5 6 9 4 1 1 8 1 8 4 9 8 2 7 6 7 8 9 1 8 8 
2 5 2 2 2 5 4 9 1 4 6 2 9 5 1 4 9 2 8 3 1 3 6 8 7 
8 1 6 8 5 2 5 9 3 6 6 8 9 6 8 8 8 7 1 1 9 7 4 7 7 
2 5 6 2 9 4 4 9 8 5 7 9 3 7 1 7 7 8 1 9 4 5 9 4 6 

Step 27:
7 3 5 5 2 3 4 5 6 8 4 5 1 9 1 1 6 8 4 6 9 2 5 6 7 
2 8 3 9 4 9 5 8 5 4 7 9 8 2 6 3 2 1 8 6 2 2 4 8 3 
5 9 3 7 4 4 7 5 7 6 2 5 5 6 9 5 1 1 7 8 9 1 3 1 1 
  1 3   1 3 6 2 * 8 9 6 6 4 7 9 1 6 4 8 9 1 6 2 1 
6 6 9   1 2 4 7 2 7   8 3 2 5 2 3 5 7   3 3 5 8 4 
4 3 2   1 4 3 4   3 2   9 7 4 7 9 6 8 5 9 4 3 7 9 
9 2 3 9 6 3 2 4 9 2     5 9 6 2 9 6 5 3 5 1 3 9 1 
  8 6 5 4 5 6 7   5 7 2 2 5 5 9 9 6 2   7 6 8 1 9 
2 2 1 6 9 9 7 6 7 8 1   3 6 1 2 3 4 5 2 4 6 3 5 7 
  6 8   3 6 5 1 9 7 8   3 6 7 7 3 1 8   5 1 4 8 9 
8 1 6 4 4 8 5 3 3 3 6 7 7 8 8 8 3 1 3 9 2 4 9 4 9 
4 9 1 3 8 7 5 4 1 3 3 2 7 6 1 5 9 6 5 2 6 5 4 7 3 
2 1 6   7 5 7 8 8 1 1 5 7 2 8 9 8 8 1 6 4 8 8 7 2 
7 2 4 2 8 8 6 8   6 5   5 9 2 5 1 7 6   2 2 4 6 6 
1 9 8   8 6 2 9   9 1   5 6 8 3 4 5 1 1 8 8 5 9 9 
5 1 4 8 2 3 6 7 6 8 5 6 4 4 9 9 9 4 2 5 4 5 7 6 8 
2 2 4 4 6 9 8 2 4 7 1 3 1 4 6 2 8 1 3 4 9 1 7 7 8 
1 1 1 9 1 1 7 2 6 4 1 1 7 1 4 5 7 6 6   6 9 7 6 5 
6 3 2 1 4 6 9 7 6 1 2 9 7 5 7 4 7 4 5   3 1 7 3 1 
5 3 1 9 5 9 5 1 7 4 4 4 9 8 5 6 3 3 9 4 2 3 1 2 4 
9 6 6 9 7 9 6 9 4 5 2 1 1 2 1 1 1 3 2 3 7 3 6 8 8 
5 3 3 1 5 6 9 4 1 1 8 1 8 4 9 8 2 7 6 7 8 9 1 8 8 
2 5 2 2 2 5 4 9 1 4 6 2 9 5 1 4 9 2 8 3 1 3 6 8 7 
8 1 6 8 5 2 5 9 3 6 6 8 9 6 8 8 8 7 1 1 9 7 4 7 7 
2 5 6 2 9 4 4 9 8 5 7 9 3 7 1 7 7 8 1 9 4 5 9 4 6 

Step 28:
7 3 5 5 2 3 4 5 6 8 4 5 1 9 1 1 6 8 4 6 9 2 5 6 7 
2 8 3 9 4 9 5 8 5 4 7 9 8 2 6 3 2 1 8 6 2 2 4 8 3 
5 9 3 7 4 4 7 5 7 6 2 5 5 6 9 5 1 1 7 8 9 1 3 1 1 
  1 3   1 3 * 2   8 9 6 6 4 7 9 1 6 4 8 9 1 6 2 1 
6 6 9   1 2 4 7 2 7   8 3 2 5 2 3 5 7   3 3 5 8 4 
4 3 2   1 4 3 4   3 2   9 7 4 7 9 6 8 5 9 4 3 7 9 
9 2 3 9 6 3 2 4 9 2     5 9 6 2 9 6 5 3 5 1 3 9 1 
  8 6 5 4 5 6 7   5 7 2 2 5 5 9 9 6 2   7 6 8 1 9 
2 2 1 6 9 9 7 6 7 8 1   3 6 1 2 3 4 5 2 4 6 3 5 7 
  6 8   3 6 5 1 9 7 8   3 6 7 7 3 1 8   5 1 4 8 9 
8 1 6 4 4 8 5 3 3 3 6 7 7 8 8 8 3 1 3 9 2 4 9 4 9 
4 9 1 3 8 7 5 4 1 3 3 2 7 6 1 5 9 6 5 2 6 5 4 7 3 
2 1 6   7 5 7 8 8 1 1 5 7 2 8 9 8 8 1 6 4 8 8 7 2 
7 2 4 2 8 8 6 8   6 5   5 9 2 5 1 7 6   2 2 4 6 6 
1 9 8   8 6 2 9   9 1   5 6 8 3 4 5 1 1 8 8 5 9 9 
5 1 4 8 2 3 6 7 6 8 5 6 4 4 9 9 9 4 2 5 4 5 7 6 8 
2 2 4 4 6 9 8 2 4 7 1 3 1 4 6 2 8 1 3 4 9 1 7 7 8 
1 1 1 9 1 1 7 2 6 4 1 1 7 1 4 5 7 6 6   6 9 7 6 5 
6 3 2 1 4 6 9 7 6 1 2 9 7 5 7 4 7 4 5   3 1 7 3 1 
5 3 1 9 5 9 5 1 7 4 4 4 9 8 5 6 3 3 9 4 2 3 1 2 4 
9 6 6 9 7 9 6 9 4 5 2 1 1 2 1 1 1 3 2 3 7 3 6 8 8 
5 3 3 1 5 6 9 4 1 1 8 1 8 4 9 8 2 7 6 7 8 9 1 8 8 
2 5 2 2 2 5 4 9 1 4 6 2 9 5 1 4 9 2 8 3 1 3 6 8 7 
8 1 6 8 5 2 5 9 3 6 6 8 9 6 8 8 8 7 1 1 9 7 4 7 7 
2 5 6 2 9 4 4 9 8 5 7 9 3 7 1 7 7 8 1 9 4 5 9 4 6 

Step 29:
7 3 5 5 2 3 4 5 6 8 4 5 1 9 1 1 6 8 4 6 9 2 5 6 7 
2 8 3 9 4 9 5 8 5 4 7 9 8 2 6 3 2 1 8 6 2 2 4 8 3 
5 9 3 7 4 4 7 5 7 6 2 5 5 6 9 5 1 1 7 8 9 1 3 1 1 
  1 3   1 3   2   8 9 6 6 4 7 9 1 6 4 8 9 1 6 2 1 
6 6 9   1 2 4 7 2 7   8 3 2 5 2 3 5 7   3 3 5 8 4 
4 3 2   1 4 3 4   3 2   9 7 4 7 9 6 8 5 9 4 3 7 9 
9 2 3 9 6 3 2 4 9 2     5 9 6 2 9 6 5 3 5 1 3 9 1 
  8 6 5 4 5 * 7   5 7 2 2 5 5 9 9 6 2   7 6 8 1 9 
2 2 1 6 9 9 7 6 7 8 1   3 6 1 2 3 4 5 2 4 6 3 5 7 
  6 8   3 6 5 1 9 7 8   3 6 7 7 3 1 8   5 1 4 8 9 
8 1 6 4 4 8 5 3 3 3 6 7 7 8 8 8 3 1 3 9 2 4 9 4 9 
4 9 1 3 8 7 5 4 1 3 3 2 7 6 1 5 9 6 5 2 6 5 4 7 3 
2 1 6   7 5 7 8 8 1 1 5 7 2 8 9 8 8 1 6 4 8 8 7 2 
7 2 4 2 8 8 6 8   6 5   5 9 2 5 1 7 6   2 2 4 6 6 
1 9 8   8 6 2 9   9 1   5 6 8 3 4 5 1 1 8 8 5 9 9 
5 1 4 8 2 3 6 7 6 8 5 6 4 4 9 9 9 4 2 5 4 5 7 6 8 
2 2 4 4 6 9 8 2 4 7 1 3 1 4 6 2 8 1 3 4 9 1 7 7 8 
1 1 1 9 1 1 7 2 6 4 1 1 7 1 4 5 7 6 6   6 9 7 6 5 
6 3 2 1 4 6 9 7 6 1 2 9 7 5 7 4 7 4 5   3 1 7 3 1 
5 3 1 9 5 9 5 1 7 4 4 4 9 8 5 6 3 3 9 4 2 3 1 2 4 
9 6 6 9 7 9 6 9 4 5 2 1 1 2 1 1 1 3 2 3 7 3 6 8 8 
5 3 3 1 5 6 9 4 1 1 8 1 8 4 9 8 2 7 6 7 8 9 1 8 8 
2 5 2 2 2 5 4 9 1 4 6 2 9 5 1 4 9 2 8 3 1 3 6 8 7 
8 1 6 8 5 2 5 9 3 6 6 8 9 6 8 8 8 7 1 1 9 7 4 7 7 
2 5 6 2 9 4 4 9 8 5 7 9 3 7 1 7 7 8 1 9 4 5 9 4 6 

Step 30:
7 3 5 5 2 3 4 5 6 8 4 5 1 9 1 1 6 8 4 6 9 2 5 6 7 
2 8 3 9 4 9 5 8 5 4 7 9 8 2 6 3 2 1 8 6 2 2 4 8 3 
5 9 3 7 4 4 7 5 7 6 2 5 5 6 9 5 1 1 7 8 9 1 3 1 1 
  1 3   1 3   2   8 9 6 6 4 7 9 1 6 4 8 9 1 6 2 1 
6 6 9   1 2 4 7 2 7   8 3 2 5 2 3 5 7   3 3 5 8 4 
4 3 2   1 4 * 4   3 2   9 7 4 7 9 6 8 5 9 4 3 7 9 
9 2 3 9 6 3 2 4 9 2     5 9 6 2 9 6 5 3 5 1 3 9 1 
  8 6 5 4 5   7   5 7 2 2 5 5 9 9 6 2   7 6 8 1 9 
2 2 1 6 9 9 7 6 7 8 1   3 6 1 2 3 4 5 2 4 6 3 5 7 
  6 8   3 6 5 1 9 7 8   3 6 7 7 3 1 8   5 1 4 8 9 
8 1 6 4 4 8 5 3 3 3 6 7 7 8 8 8 3 1 3 9 2 4 9 4 9 
4 9 1 3 8 7 5 4 1 3 3 2 7 6 1 5 9 6 5 2 6 5 4 7 3 
2 1 6   7 5 7 8 8 1 1 5 7 2 8 9 8 8 1 6 4 8 8 7 2 
7 2 4 2 8 8 6 8   6 5   5 9 2 5 1 7 6   2 2 4 6 6 
1 9 8   8 6 2 9   9 1   5 6 8 3 4 5 1 1 8 8 5 9 9 
5 1 4 8 2 3 6 7 6 8 5 6 4 4 9 9 9 4 2 5 4 5 7 6 8 
2 2 4 4 6 9 8 2 4 7 1 3 1 4 6 2 8 1 3 4 9 1 7 7 8 
1 1 1 9 1 1 7 2 6 4 1 1 7 1 4 5 7 6 6   6 9 7 6 5 
6 3 2 1 4 6 9 7 6 1 2 9 7 5 7 4 7 4 5   3 1 7 3 1 
5 3 1 9 5 9 5 1 7 4 4 4 9 8 5 6 3 3 9 4 2 3 1 2 4 
9 6 6 9 7 9 6 9 4 5 2 1 1 2 1 1 1 3 2 3 7 3 6 8 8 
5 3 3 1 5 6 9 4 1 1 8 1 8 4 9 8 2 7 6 7 8 9 1 8 8 
2 5 2 2 2 5 4 9 1 4 6 2 9 5 1 4 9 2 8 3 1 3 6 8 7 
8 1 6 8 5 2 5 9 3 6 6 8 9 6 8 8 8 7 1 1 9 7 4 7 7 
2 5 6 2 9 4 4 9 8 5 7 9 3 7 1 7 7 8 1 9 4 5 9 4 6 

Step 31:
7 3 5 5 2 3 4 5 6 8 4 5 1 9 1 1 6 8 4 6 9 2 5 6 7 
2 8 3 9 4 9 * 8 5 4 7 9 8 2 6 3 2 1 8 6 2 2 4 8 3 
5 9 3 7 4 4 7 5 7 6 2 5 5 6 9 5 1 1 7 8 9 1 3 1 1 
  1 3   1 3   2   8 9 6 6 4 7 9 1 6 4 8 9 1 6 2 1 
6 6 9   1 2 4 7 2 7   8 3 2 5 2 3 5 7   3 3 5 8 4 
4 3 2   1 4   4   3 2   9 7 4 7 9 6 8 5 9 4 3 7 9 
9 2 3 9 6 3 2 4 9 2     5 9 6 2 9 6 5 3 5 1 3 9 1 
  8 6 5 4 5   7   5 7 2 2 5 5 9 9 6 2   7 6 8 1 9 
2 2 1 6 9 9 7 6 7 8 1   3 6 1 2 3 4 5 2 4 6 3 5 7 
  6 8   3 6 5 1 9 7 8   3 6 7 7 3 1 8   5 1 4 8 9 
8 1 6 4 4 8 5 3 3 3 6 7 7 8 8 8 3 1 3 9 2 4 9 4 9 
4 9 1 3 8 7 5 4 1 3 3 2 7 6 1 5 9 6 5 2 6 5 4 7 3 
2 1 6   7 5 7 8 8 1 1 5 7 2 8 9 8 8 1 6 4 8 8 7 2 
7 2 4 2 8 8 6 8   6 5   5 9 2 5 1 7 6   2 2 4 6 6 
1 9 8   8 6 2 9   9 1   5 6 8 3 4 5 1 1 8 8 5 9 9 
5 1 4 8 2 3 6 7 6 8 5 6 4 4 9 9 9 4 2 5 4 5 7 6 8 
2 2 4 4 6 9 8 2 4 7 1 3 1 4 6 2 8 1 3 4 9 1 7 7 8 
1 1 1 9 1 1 7 2 6 4 1 1 7 1 4 5 7 6 6   6 9 7 6 5 
6 3 2 1 4 6 9 7 6 1 2 9 7 5 7 4 7 4 5   3 1 7 3 1 
5 3 1 9 5 9 5 1 7 4 4 4 9 8 5 6 3 3 9 4 2 3 1 2 4 
9 6 6 9 7 9 6 9 4 5 2 1 1 2 1 1 1 3 2 3 7 3 6 8 8 
5 3 3 1 5 6 9 4 1 1 8 1 8 4 9 8 2 7 6 7 8 9 1 8 8 
2 5 2 2 2 5 4 9 1 4 6 2 9 5 1 4 9 2 8 3 1 3 6 8 7 
8 1 6 8 5 2 5 9 3 6 6 8 9 6 8 8 8 7 1 1 9 7 4 7 7 
2 5 6 2 9 4 4 9 8 5 7 9 3 7 1 7 7 8 1 9 4 5 9 4 6 

Step 32:
7 3 5 5 2 3 4 5 6 8 4 5 1 9 1 1 6 8 4 6 9 2 5 6 7 
2 8 3 9 4 9   8 5 4 7 9 8 2 6 3 2 1 8 6 2 2 4 8 3 
5 9 3 7 4 4 7 5 7 6 2 5 5 6 9 5 1 1 7 8 9 1 3 1 1 
  1 3   1 3   2   8 9 6 6 4 7 9 1 6 4 8 9 1 6 2 1 
6 6 9   1 2 4 7 2 7   8 3 2 5 2 3 5 7   3 3 5 8 4 
4 3 2   1 4   4   3 2   9 7 4 7 9 6 8 5 9 4 3 7 9 
9 2 3 9 6 3 2 4 9 2     5 9 6 2 9 6 5 3 5 1 3 9 1 
  8 6 5 4 5   7   5 7 2 2 5 5 9 9 6 2   7 6 8 1 9 
2 2 1 6 9 9 * 6 7 8 1   3 6 1 2 3 4 5 2 4 6 3 5 7 
  6 8   3 6 5 1 9 7 8   3 6 7 7 3 1 8   5 1 4 8 9 
8 1 6 4 4 8 5 3 3 3 6 7 7 8 8 8 3 1 3 9 2 4 9 4 9 
4 9 1 3 8 7 5 4 1 3 3 2 7 6 1 5 9 6 5 2 6 5 4 7 3 
2 1 6   7 5 7 8 8 1 1 5 7 2 8 9 8 8 1 6 4 8 8 7 2 
7 2 4 2 8 8 6 8   6 5   5 9 2 5 1 7 6   2 2 4 6 6 
1 9 8   8 6 2 9   9 1   5 6 8 3 4 5 1 1 8 8 5 9 9 
5 1 4 8 2 3 6 7 6 8 5 6 4 4 9 9 9 4 2 5 4 5 7 6 8 
2 2 4 4 6 9 8 2 4 7 1 3 1 4 6 2 8 1 3 4 9 1 7 7 8 
1 1 1 9 1 1 7 2 6 4 1 1 7 1 4 5 7 6 6   6 9 7 6 5 
6 3 2 1 4 6 9 7 6 1 2 9 7 5 7 4 7 4 5   3 1 7 3 1 
5 3 1 9 5 9 5 1 7 4 4 4 9 8 5 6 3 3 9 4 2 3 1 2 4 
9 6 6 9 7 9 6 9 4 5 2 1 1 2 1 1 1 3 2 3 7 3 6 8 8 
5 3 3 1 5 6 9 4 1 1 8 1 8 4 9 8 2 7 6 7 8 9 1 8 8 
2 5 2 2 2 5 4 9 1 4 6 2 9 5 1 4 9 2 8 3 1 3 6 8 7 
8 1 6 8 5 2 5 9 3 6 6 8 9 6 8 8 8 7 1 1 9 7 4 7 7 
2 5 6 2 9 4 4 9 8 5 7 9 3 7 1 7 7 8 1 9 4 5 9 4 6 

Step 33:
7 3 5 5 2 3 4 5 6 8 4 5 1 9 1 1 6 8 4 6 9 2 5 6 7 
2 8 3 9 4 9   8 5 4 7 9 8 2 6 3 2 1 8 6 2 2 4 8 3 
5 9 3 7 4 4 7 5 7 6 2 5 5 6 9 5 1 1 7 8 9 1 3 1 1 
  1 3   1 3   2   8 9 6 6 4 7 9 1 6 4 8 9 1 6 2 1 
6 6 9   1 2 4 7 2 7   8 3 2 5 2 3 5 7   3 3 5 8 4 
4 3 2   1 4   4   3 2   9 7 4 7 9 6 8 5 9 4 3 7 9 
9 2 3 9 6 3 2 4 9 2     5 9 6 2 9 6 5 3 5 1 3 9 1 
  8 6 5 4 5   7   5 7 2 2 5 5 9 9 6 2   7 6 8 1 9 
2 2 1 6 9 9   6 7 8 1   3 6 1 2 3 4 5 2 4 6 3 5 7 
  6 8   3 6 5 1 9 7 8   3 6 7 7 3 1 8   5 1 4 8 9 
8 1 6 4 4 8 5 3 3 3 6 7 7 8 8 8 3 1 3 9 2 4 9 4 9 
4 9 1 3 8 7 5 4 1 3 3 2 7 6 1 5 9 6 5 2 6 5 4 7 3 
2 1 6   7 5 7 8 8 1 1 5 7 2 8 9 8 8 1 6 4 8 8 7 2 
7 2 4 2 8 8 * 8   6 5   5 9 2 5 1 7 6   2 2 4 6 6 
1 9 8   8 6 2 9   9 1   5 6 8 3 4 5 1 1 8 8 5 9 9 
5 1 4 8 2 3 6 7 6 8 5 6 4 4 9 9 9 4 2 5 4 5 7 6 8 
2 2 4 4 6 9 8 2 4 7 1 3 1 4 6 2 8 1 3 4 9 1 7 7 8 
1 1 1 9 1 1 7 2 6 4 1 1 7 1 4 5 7 6 6   6 9 7 6 5 
6 3 2 1 4 6 9 7 6 1 2 9 7 5 7 4 7 4 5   3 1 7 3 1 
5 3 1 9 5 9 5 1 7 4 4 4 9 8 5 6 3 3 9 4 2 3 1 2 4 
9 6 6 9 7 9 6 9 4 5 2 1 1 2 1 1 1 3 2 3 7 3 6 8 8 
5 3 3 1 5 6 9 4 1 1 8 1 8 4 9 8 2 7 6 7 8 9 1 8 8 
2 5 2 2 2 5 4 9 1 4 6 2 9 5 1 4 9 2 8 3 1 3 6 8 7 
8 1 6 8 5 2 5 9 3 6 6 8 9 6 8 8 8 7 1 1 9 7 4 7 7 
2 5 6 2 9 4 4 9 8 5 7 9 3 7 1 7 7 8 1 9 4 5 9 4 6 

Step 34:
7 3 5 5 2 3 4 5 6 8 4 5 1 9 1 1 6 8 4 6 9 2 5 6 7 
2 8 3 9 4 9   8 5 4 7 9 8 2 6 3 2 1 8 6 2 2 4 8 3 
5 9 3 7 4 4 7 5 7 6 2 5 5 6 9 5 1 1 7 8 9 1 3 1 1 
  1 3   1 3   2   8 9 6 6 4 7 9 1 6 4 8 9 1 6 2 1 
6 6 9   1 2 4 7 2 7   8 3 2 5 2 3 5 7   3 3 5 8 4 
4 3 2   1 4   4   3 2   9 7 4 7 9 6 8 5 9 4 3 7 9 
9 2 3 9 6 3 * 4 9 2     5 9 6 2 9 6 5 3 5 1 3 9 1 
  8 6 5 4 5   7   5 7 2 2 5 5 9 9 6 2   7 6 8 1 9 
2 2 1 6 9 9   6 7 8 1   3 6 1 2 3 4 5 2 4 6 3 5 7 
  6 8   3 6 5 1 9 7 8   3 6 7 7 3 1 8   5 1 4 8 9 
8 1 6 4 4 8 5 3 3 3 6 7 7 8 8 8 3 1 3 9 2 4 9 4 9 
4 9 1 3 8 7 5 4 1 3 3 2 7 6 1 5 9 6 5 2 6 5 4 7 3 
2 1 6   7 5 7 8 8 1 1 5 7 2 8 9 8 8 1 6 4 8 8 7 2 
7 2 4 2 8 8   8   6 5   5 9 2 5 1 7 6   2 2 4 6 6 
1 9 8   8 6 2 9   9 1   5 6 8 3 4 5 1 1 8 8 5 9 9 
5 1 4 8 2 3 6 7 6 8 5 6 4 4 9 9 9 4 2 5 4 5 7 6 8 
2 2 4 4 6 9 8 2 4 7 1 3 1 4 6 2 8 1 3 4 9 1 7 7 8 
1 1 1 9 1 1 7 2 6 4 1 1 7 1 4 5 7 6 6   6 9 7 6 5 
6 3 2 1 4 6 9 7 6 1 2 9 7 5 7 4 7 4 5   3 1 7 3 1 
5 3 1 9 5 9 5 1 7 4 4 4 9 8 5 6 3 3 9 4 2 3 1 2 4 
9 6 6 9 7 9 6 9 4 5 2 1 1 2 1 1 1 3 2 3 7 3 6 8 8 
5 3 3 1 5 6 9 4 1 1 8 1 8 4 9 8 2 7 6 7 8 9 1 8 8 
2 5 2 2 2 5 4 9 1 4 6 2 9 5 1 4 9 2 8 3 1 3 6 8 7 
8 1 6 8 5 2 5 9 3 6 6 8 9 6 8 8 8 7 1 1 9 7 4 7 7 
2 5 6 2 9 4 4 9 8 5 7 9 3 7 1 7 7 8 1 9 4 5 9 4 6 

Step 35:
7 3 5 5 2 3 4 5 6 8 4 5 1 9 1 1 6 8 4 6 9 2 5 6 7 
2 8 3 9 4 9   8 5 4 7 9 8 2 6 3 2 1 8 6 2 2 4 8 3 
5 9 3 7 4 4 7 5 7 6 2 5 5 6 9 5 1 1 7 8 9 1 3 1 1 
  1 3   1 3   2   8 9 6 6 4 7 9 1 6 4 8 9 1 6 2 1 
6 6 9   1 2 4 7 2 7   8 3 2 5 2 3 5 7   3 3 5 8 4 
4 3 2   1 4   4   3 2   9 7 4 7 9 6 8 5 9 4 3 7 9 
9 2 3 * 6 3   4 9 2     5 9 6 2 9 6 5 3 5 1 3 9 1 
  8 6 5 4 5   7   5 7 2 2 5 5 9 9 6 2   7 6 8 1 9 
2 2 1 6 9 9   6 7 8 1   3 6 1 2 3 4 5 2 4 6 3 5 7 
  6 8   3 6 5 1 9 7 8   3 6 7 7 3 1 8   5 1 4 8 9 
8 1 6 4 4 8 5 3 3 3 6 7 7 8 8 8 3 1 3 9 2 4 9 4 9 
4 9 1 3 8 7 5 4 1 3 3 2 7 6 1 5 9 6 5 2 6 5 4 7 3 
2 1 6   7 5 7 8 8 1 1 5 7 2 8 9 8 8 1 6 4 8 8 7 2 
7 2 4 2 8 8   8   6 5   5 9 2 5 1 7 6   2 2 4 6 6 
1 9 8   8 6 2 9   9 1   5 6 8 3 4 5 1 1 8 8 5 9 9 
5 1 4 8 2 3 6 7 6 8 5 6 4 4 9 9 9 4 2 5 4 5 7 6 8 
2 2 4 4 6 9 8 2 4 7 1 3 1 4 6 2 8 1 3 4 9 1 7 7 8 
1 1 1 9 1 1 7 2 6 4 1 1 7 1 4 5 7 6 6   6 9 7 6 5 
6 3 2 1 4 6 9 7 6 1 2 9 7 5 7 4 7 4 5   3 1 7 3 1 
5 3 1 9 5 9 5 1 7 4 4 4 9 8 5 6 3 3 9 4 2 3 1 2 4 
9 6 6 9 7 9 6 9 4 5 2 1 1 2 1 1 1 3 2 3 7 3 6 8 8 
5 3 3 1 5 6 9 4 1 1 8 1 8 4 9 8 2 7 6 7 8 9 1 8 8 
2 5 2 2 2 5 4 9 1 4 6 2 9 5 1 4 9 2 8 3 1 3 6 8 7 
8 1 6 8 5 2 5 9 3 6 6 8 9 6 8 8 8 7 1 1 9 7 4 7 7 
2 5 6 2 9 4 4 9 8 5 7 9 3 7 1 7 7 8 1 9 4 5 9 4 6 

Step 36:
7 3 5 5 2 3 4 5 6 8 4 5 1 9 1 1 6 8 4 6 9 2 5 6 7 
2 8 3 9 4 9   8 5 4 7 9 8 2 6 3 2 1 8 6 2 2 4 8 3 
5 9 3 7 4 4 7 5 7 6 2 5 5 6 9 5 1 1 7 8 9 1 3 1 1 
  1 3   1 3   2   8 9 6 6 4 7 9 1 6 4 8 9 1 6 2 1 
6 6 9   1 2 4 7 2 7   8 3 2 5 2 3 5 7   3 3 5 8 4 
4 3 2   1 4   4   3 2   9 7 4 7 9 6 8 5 9 4 3 7 9 
9 2 3   6 3   4 9 2     5 9 6 2 9 6 5 3 5 1 3 9 1 
  8 6 5 4 5   7   5 7 2 2 5 5 9 9 6 2   7 6 8 1 9 
2 2 1 6 9 9   6 7 8 1   3 6 1 2 3 4 5 2 4 6 3 5 7 
  6 8   3 6 5 1 9 7 8   3 6 7 7 3 1 8   5 1 4 8 9 
8 1 6 4 4 8 5 3 3 3 6 7 7 8 8 8 3 1 3 9 2 4 9 4 9 
4 9 1 * 8 7 5 4 1 3 3 2 7 6 1 5 9 6 5 2 6 5 4 7 3 
2 1 6   7 5 7 8 8 1 1 5 7 2 8 9 8 8 1 6 4 8 8 7 2 
7 2 4 2 8 8   8   6 5   5 9 2 5 1 7 6   2 2 4 6 6 
1 9 8   8 6 2 9   9 1   5 6 8 3 4 5 1 1 8 8 5 9 9 
5 1 4 8 2 3 6 7 6 8 5 6 4 4 9 9 9 4 2 5 4 5 7 6 8 
2 2 4 4 6 9 8 2 4 7 1 3 1 4 6 2 8 1 3 4 9 1 7 7 8 
1 1 1 9 1 1 7 2 6 4 1 1 7 1 4 5 7 6 6   6 9 7 6 5 
6 3 2 1 4 6 9 7 6 1 2 9 7 5 7 4 7 4 5   3 1 7 3 1 
5 3 1 9 5 9 5 1 7 4 4 4 9 8 5 6 3 3 9 4 2 3 1 2 4 
9 6 6 9 7 9 6 9 4 5 2 1 1 2 1 1 1 3 2 3 7 3 6 8 8 
5 3 3 1 5 6 9 4 1 1 8 1 8 4 9 8 2 7 6 7 8 9 1 8 8 
2 5 2 2 2 5 4 9 1 4 6 2 9 5 1 4 9 2 8 3 1 3 6 8 7 
8 1 6 8 5 2 5 9 3 6 6 8 9 6 8 8 8 7 1 1 9 7 4 7 7 
2 5 6 2 9 4 4 9 8 5 7 9 3 7 1 7 7 8 1 9 4 5 9 4 6 

Step 37:
7 3 5 5 2 3 4 5 6 8 4 5 1 9 1 1 6 8 4 6 9 2 5 6 7 
2 8 3 9 4 9   8 5 4 7 9 8 2 6 3 2 1 8 6 2 2 4 8 3 
5 9 3 7 4 4 7 5 7 6 2 5 5 6 9 5 1 1 7 8 9 1 3 1 1 
  1 3   1 3   2   8 9 6 6 4 7 9 1 6 4 8 9 1 6 2 1 
6 6 9   1 2 4 7 2 7   8 3 2 5 2 3 5 7   3 3 5 8 4 
4 3 2   1 4   4   3 2   9 7 4 7 9 6 8 5 9 4 3 7 9 
9 2 3   6 3   4 9 2     5 9 6 2 9 6 5 3 5 1 3 9 1 
  8 6 * 4 5   7   5 7 2 2 5 5 9 9 6 2   7 6 8 1 9 
2 2 1 6 9 9   6 7 8 1   3 6 1 2 3 4 5 2 4 6 3 5 7 
  6 8   3 6 5 1 9 7 8   3 6 7 7 3 1 8   5 1 4 8 9 
8 1 6 4 4 8 5 3 3 3 6 7 7 8 8 8 3 1 3 9 2 4 9 4 9 
4 9 1   8 7 5 4 1 3 3 2 7 6 1 5 9 6 5 2 6 5 4 7 3 
2 1 6   7 5 7 8 8 1 1 5 7 2 8 9 8 8 1 6 4 8 8 7 2 
7 2 4 2 8 8   8   6 5   5 9 2 5 1 7 6   2 2 4 6 6 
1 9 8   8 6 2 9   9 1   5 6 8 3 4 5 1 1 8 8 5 9 9 
5 1 4 8 2 3 6 7 6 8 5 6 4 4 9 9 9 4 2 5 4 5 7 6 8 
2 2 4 4 6 9 8 2 4 7 1 3 1 4 6 2 8 1 3 4 9 1 7 7 8 
1 1 1 9 1 1 7 2 6 4 1 1 7 1 4 5 7 6 6   6 9 7 6 5 
6 3 2 1 4 6 9 7 6 1 2 9 7 5 7 4 7 4 5   3 1 7 3 1 
5 3 1 9 5 9 5 1 7 4 4 4 9 8 5 6 3 3 9 4 2 3 1 2 4 
9 6 6 9 7 9 6 9 4 5 2 1 1 2 1 1 1 3 2 3 7 3 6 8 8 
5 3 3 1 5 6 9 4 1 1 8 1 8 4 9 8 2 7 6 7 8 9 1 8 8 
2 5 2 2 2 5 4 9 1 4 6 2 9 5 1 4 9 2 8 3 1 3 6 8 7 
8 1 6 8 5 2 5 9 3 6 6 8 9 6 8 8 8 7 1 1 9 7 4 7 7 
2 5 6 2 9 4 4 9 8 5 7 9 3 7 1 7 7 8 1 9 4 5 9 4 6 

Step 38:
7 3 5 5 2 3 4 5 6 8 4 5 1 9 1 1 6 8 4 6 9 2 5 6 7 
2 8 3 9 4 9   8 5 4 7 9 8 2 6 3 2 1 8 6 2 2 4 8 3 
5 9 3 7 4 4 7 5 7 6 2 5 5 6 9 5 1 1 7 8 9 1 3 1 1 
  1 3   1 3   2   8 9 6 6 4 7 9 1 6 4 8 9 1 6 2 1 
6 6 9   1 2 4 7 2 7   8 3 2 5 2 3 5 7   3 3 5 8 4 
4 3 2   1 4   4   3 2   9 7 4 7 9 6 8 5 9 4 3 7 9 
9 2 3   6 3   4 9 2     5 9 6 2 9 6 5 3 5 1 3 9 1 
  8 6   4 5   7   5 7 2 2 5 5 9 9 6 2   7 6 8 1 9 
2 2 1 6 9 9   6 7 8 1   3 6 1 2 3 4 5 2 4 6 3 5 7 
  6 8   3 6 5 1 9 7 8   3 6 7 7 3 1 8   5 1 4 8 9 
8 1 6 4 4 8 5 3 3 3 6 7 7 8 8 8 3 1 3 9 2 4 9 4 9 
4 9 1   8 7 5 4 1 3 3 2 7 6 1 5 9 6 5 2 6 5 4 7 3 
2 1 6   7 5 7 8 8 1 1 5 7 2 8 9 8 8 1 6 4 8 8 7 2 
7 2 4 * 8 8   8   6 5   5 9 2 5 1 7 6   2 2 4 6 6 
1 9 8   8 6 2 9   9 1   5 6 8 3 4 5 1 1 8 8 5 9 9 
5 1 4 8 2 3 6 7 6 8 5 6 4 4 9 9 9 4 2 5 4 5 7 6 8 
2 2 4 4 6 9 8 2 4 7 1 3 1 4 6 2 8 1 3 4 9 1 7 7 8 
1 1 1 9 1 1 7 2 6 4 1 1 7 1 4 5 7 6 6   6 9 7 6 5 
6 3 2 1 4 6 9 7 6 1 2 9 7 5 7 4 7 4 5   3 1 7 3 1 
5 3 1 9 5 9 5 1 7 4 4 4 9 8 5 6 3 3 9 4 2 3 1 2 4 
9 6 6 9 7 9 6 9 4 5 2 1 1 2 1 1 1 3 2 3 7 3 6 8 8 
5 3 3 1 5 6 9 4 1 1 8 1 8 4 9 8 2 7 6 7 8 9 1 8 8 
2 5 2 2 2 5 4 9 1 4 6 2 9 5 1 4 9 2 8 3 1 3 6 8 7 
8 1 6 8 5 2 5 9 3 6 6 8 9 6 8 8 8 7 1 1 9 7 4 7 7 
2 5 6 2 9 4 4 9 8 5 7 9 3 7 1 7 7 8 1 9 4 5 9 4 6 

Step 39:
7 3 5 5 2 3 4 5 6 8 4 5 1 9 1 1 6 8 4 6 9 2 5 6 7 
2 8 3 9 4 9   8 5 4 7 9 8 2 6 3 2 1 8 6 2 2 4 8 3 
5 9 3 7 4 4 7 5 7 6 2 5 5 6 9 5 1 1 7 8 9 1 3 1 1 
  1 3   1 3   2   8 9 6 6 4 7 9 1 6 4 8 9 1 6 2 1 
6 6 9   1 2 4 7 2 7   8 3 2 5 2 3 5 7   3 3 5 8 4 
4 3 2   1 4   4   3 2   9 7 4 7 9 6 8 5 9 4 3 7 9 
9 2 3   6 3   4 9 2     5 9 6 2 9 6 5 3 5 1 3 9 1 
  8 6   4 5   7   5 7 2 2 5 5 9 9 6 2   7 6 8 1 9 
2 2 1 6 9 9   6 7 8 1   3 6 1 2 3 4 5 2 4 6 3 5 7 
  6 8   3 6 5 1 9 7 8   3 6 7 7 3 1 8   5 1 4 8 9 
8 1 6 4 4 8 5 3 3 3 6 7 7 8 8 8 3 1 3 9 2 4 9 4 9 
4 9 1   8 7 5 4 1 3 3 2 7 6 1 5 9 6 5 2 6 5 4 7 3 
2 1 6   7 5 7 8 8 1 1 5 7 2 8 9 8 8 1 6 4 8 8 7 2 
7 2 4   8 8   8   6 5   5 9 2 5 1 7 6   2 2 4 6 6 
1 9 8   8 6 2 9   9 1   5 6 8 3 4 5 1 1 8 8 5 9 9 
5 1 4 8 2 3 6 7 6 8 5 6 4 4 9 9 9 4 2 5 4 5 7 6 8 
2 2 4 4 6 9 8 2 4 7 1 3 1 4 6 2 8 1 3 4 9 1 7 7 8 
1 1 1 9 1 1 7 2 6 4 1 1 7 1 4 5 7 6 6   6 9 7 6 5 
6 3 2 1 4 6 9 7 6 1 2 9 7 5 7 4 7 4 5   3 1 7 3 1 
5 3 1 9 5 9 5 1 7 4 4 4 9 8 5 6 3 3 9 4 2 3 1 2 4 
9 6 6 9 7 9 6 9 4 5 2 1 1 2 1 1 1 3 2 3 7 3 6 8 8 
5 3 3 1 5 6 9 4 1 1 8 * 8 4 9 8 2 7 6 7 8 9 1 8 8 
2 5 2 2 2 5 4 9 1 4 6 2 9 5 1 4 9 2 8 3 1 3 6 8 7 
8 1 6 8 5 2 5 9 3 6 6 8 9 6 8 8 8 7 1 1 9 7 4 7 7 
2 5 6 2 9 4 4 9 8 5 7 9 3 7 1 7 7 8 1 9 4 5 9 4 6 

Step 40:
7 3 5 5 2 3 4 5 6 8 4 5 1 9 1 1 6 8 4 6 9 2 5 6 7 
2 8 3 9 4 9   8 5 4 7 9 8 2 6 3 2 1 8 6 2 2 4 8 3 
5 9 3 7 4 4 7 5 7 6 2 5 5 6 9 5 1 1 7 8 9 1 3 1 1 
  1 3   1 3   2   8 9 6 6 4 7 9 1 6 4 8 9 1 6 2 1 
6 6 9   1 2 4 7 2 7   8 3 2 5 2 3 5 7   3 3 5 8 4 
4 3 2   1 4   4   3 2   9 7 4 7 9 6 8 5 9 4 3 7 9 
9 2 3   6 3   4 9 2     5 9 6 2 9 6 5 3 5 1 3 9 1 
  8 6   4 5   7   5 7 2 2 5 5 9 9 6 2   7 6 8 1 9 
2 2 1 6 9 9   6 7 8 1   3 6 1 2 3 4 5 2 4 6 3 5 7 
  6 8   3 6 5 1 9 7 8   3 6 7 7 3 1 8   5 1 4 8 9 
8 1 6 4 4 8 5 3 3 3 6 7 7 8 8 8 3 1 3 9 2 4 9 4 9 
4 9 1   8 7 5 4 1 3 3 2 7 6 1 5 9 6 5 2 6 5 4 7 3 
2 1 6   7 5 7 8 8 1 1 5 7 2 8 9 8 8 1 6 4 8 8 7 2 
7 2 4   8 8   8   6 5   5 9 2 5 1 7 6   2 2 4 6 6 
1 9 8   8 6 2 9   9 1   5 6 8 3 4 5 1 1 8 8 5 9 9 
5 1 4 8 2 3 6 7 6 8 5 6 4 4 9 9 9 4 2 5 4 5 7 6 8 
2 2 4 4 6 9 8 2 4 7 1 3 1 4 6 2 8 1 3 4 9 1 7 7 8 
1 1 1 9 1 1 7 2 6 4 1 1 7 1 4 5 7 6 6   6 9 7 6 5 
6 3 2 1 4 6 9 7 6 1 2 9 7 5 7 4 7 4 5   3 1 7 3 1 
5 3 1 9 5 9 5 1 7 4 4 4 9 8 5 6 3 3 9 4 2 3 1 2 4 
9 6 6 9 7 9 6 9 4 5 2 * 1 2 1 1 1 3 2 3 7 3 6 8 8 
5 3 3 1 5 6 9 4 1 1 8   8 4 9 8 2 7 6 7 8 9 1 8 8 
2 5 2 2 2 5 4 9 1 4 6 2 9 5 1 4 9 2 8 3 1 3 6 8 7 
8 1 6 8 5 2 5 9 3 6 6 8 9 6 8 8 8 7 1 1 9 7 4 7 7 
2 5 6 2 9 4 4 9 8 5 7 9 3 7 1 7 7 8 1 9 4 5 9 4 6 

Step 41:
7 3 5 5 2 3 4 5 6 8 4 5 1 9 1 1 6 8 4 6 9 2 5 6 7 
2 8 3 9 4 9   8 5 4 7 9 8 2 6 3 2 1 8 6 2 2 4 8 3 
5 9 3 7 4 4 7 5 7 6 2 5 5 6 9 5 1 1 7 8 9 1 3 1 1 
  1 3   1 3   2   8 9 6 6 4 7 9 1 6 4 8 9 1 6 2 1 
6 6 9   1 2 4 7 2 7   8 3 2 5 2 3 5 7   3 3 5 8 4 
4 3 2   1 4   4   3 2   9 7 4 7 9 6 8 5 9 4 3 7 9 
9 2 3   6 3   4 9 2     5 9 6 2 9 6 5 3 5 1 3 9 1 
  8 6   4 5   7   5 7 2 2 5 5 9 9 6 2   7 6 8 1 9 
2 2 1 6 9 9   6 7 8 1   3 6 1 2 3 4 5 2 4 6 3 5 7 
  6 8   3 6 5 1 9 7 8   3 6 7 7 3 1 8   5 1 4 8 9 
8 1 6 4 4 8 5 3 3 3 6 7 7 8 8 8 3 1 3 9 2 4 9 4 9 
4 9 1   8 7 5 4 1 3 3 2 7 6 1 5 9 6 5 2 6 5 4 7 3 
2 1 6   7 5 7 8 8 1 1 5 7 2 8 9 8 8 1 6 4 8 8 7 2 
7 2 4   8 8   8   6 5   5 9 2 5 1 7 6   2 2 4 6 6 
1 9 8   8 6 2 9   9 1   5 6 8 3 4 5 1 1 8 8 5 9 9 
5 1 4 8 2 3 6 7 6 8 5 6 4 4 9 9 9 4 2 5 4 5 7 6 8 
2 2 4 4 6 9 8 2 4 7 1 * 1 4 6 2 8 1 3 4 9 1 7 7 8 
1 1 1 9 1 1 7 2 6 4 1 1 7 1 4 5 7 6 6   6 9 7 6 5 
6 3 2 1 4 6 9 7 6 1 2 9 7 5 7 4 7 4 5   3 1 7 3 1 
5 3 1 9 5 9 5 1 7 4 4 4 9 8 5 6 3 3 9 4 2 3 1 2 4 
9 6 6 9 7 9 6 9 4 5 2   1 2 1 1 1 3 2 3 7 3 6 8 8 
5 3 3 1 5 6 9 4 1 1 8   8 4 9 8 2 7 6 7 8 9 1 8 8 
2 5 2 2 2 5 4 9 1 4 6 2 9 5 1 4 9 2 8 3 1 3 6 8 7 
8 1 6 8 5 2 5 9 3 6 6 8 9 6 8 8 8 7 1 1 9 7 4 7 7 
2 5 6 2 9 4 4 9 8 5 7 9 3 7 1 7 7 8 1 9 4 5 9 4 6 

Step 42:
7 3 5 5 2 3 4 5 6 8 4 5 1 9 1 1 6 8 4 6 9 2 5 6 7 
2 8 3 9 4 9   8 5 4 7 9 8 2 6 3 2 1 8 6 2 2 4 8 3 
5 9 3 7 4 4 7 5 7 6 2 5 5 6 9 5 1 1 7 8 9 1 3 1 1 
  1 3   1 3   2   8 9 6 6 4 7 9 1 6 4 8 9 1 6 2 1 
6 6 9   1 2 4 7 2 7   8 3 2 5 2 3 5 7   3 3 5 8 4 
4 3 2   1 4   4   3 2   9 7 4 7 9 6 8 5 9 4 3 7 9 
9 2 3   6 3   4 9 2     5 9 6 2 9 6 5 3 5 1 3 9 1 
  8 6   4 5   7   5 7 2 2 5 5 9 9 6 2   7 6 8 1 9 
2 2 1 6 9 9   6 7 8 1   3 6 1 2 3 4 5 2 4 6 3 5 7 
  6 8   3 6 5 1 9 7 8   3 6 7 7 3 1 8   5 1 4 8 9 
8 1 6 4 4 8 5 3 3 3 6 * 7 8 8 8 3 1 3 9 2 4 9 4 9 
4 9 1   8 7 5 4 1 3 3 2 7 6 1 5 9 6 5 2 6 5 4 7 3 
2 1 6   7 5 7 8 8 1 1 5 7 2 8 9 8 8 1 6 4 8 8 7 2 
7 2 4   8 8   8   6 5   5 9 2 5 1 7 6   2 2 4 6 6 
1 9 8   8 6 2 9   9 1   5 6 8 3 4 5 1 1 8 8 5 9 9 
5 1 4 8 2 3 6 7 6 8 5 6 4 4 9 9 9 4 2 5 4 5 7 6 8 
2 2 4 4 6 9 8 2 4 7 1   1 4 6 2 8 1 3 4 9 1 7 7 8 
1 1 1 9 1 1 7 2 6 4 1 1 7 1 4 5 7 6 6   6 9 7 6 5 
6 3 2 1 4 6 9 7 6 1 2 9 7 5 7 4 7 4 5   3 1 7 3 1 
5 3 1 9 5 9 5 1 7 4 4 4 9 8 5 6 3 3 9 4 2 3 1 2 4 
9 6 6 9 7 9 6 9 4 5 2   1 2 1 1 1 3 2 3 7 3 6 8 8 
5 3 3 1 5 6 9 4 1 1 8   8 4 9 8 2 7 6 7 8 9 1 8 8 
2 5 2 2 2 5 4 9 1 4 6 2 9 5 1 4 9 2 8 3 1 3 6 8 7 
8 1 6 8 5 2 5 9 3 6 6 8 9 6 8 8 8 7 1 1 9 7 4 7 7 
2 5 6 2 9 4 4 9 8 5 7 9 3 7 1 7 7 8 1 9 4 5 9 4 6 

Step 43:
7 3 5 5 2 3 4 5 6 8 4 5 1 9 1 1 6 8 4 6 9 2 5 6 7 
2 8 3 9 4 9   8 5 4 7 9 8 2 6 3 2 1 8 6 2 2 4 8 3 
5 9 3 7 4 4 7 5 7 6 2 5 5 6 9 5 1 1 7 8 9 1 3 1 1 
  1 3   1 3   2   8 9 6 6 4 7 9 1 6 4 8 9 1 6 2 1 
6 6 9   1 2 4 7 2 7   8 3 2 5 2 3 5 7   3 3 5 8 4 
4 3 2   1 4   4   3 2   9 7 4 7 9 6 8 5 9 4 3 7 9 
9 2 3   6 3   4 9 2     5 9 6 2 9 6 5 3 5 1 3 9 1 
  8 6   4 5   7   5 7 2 2 5 5 9 9 6 2   7 6 8 1 9 
2 2 1 6 9 9   6 7 8 1   3 6 1 2 3 4 5 2 4 6 3 5 7 
  6 8   3 6 5 1 9 7 8   3 6 7 7 3 1 8   5 1 4 8 9 
8 1 6 4 4 8 5 3 3 3 6   7 8 8 8 3 1 3 9 2 4 9 4 9 
4 9 1   8 7 5 4 1 3 3 2 7 6 1 5 9 6 5 2 6 5 4 7 3 
2 1 6   7 5 7 8 8 1 1 * 7 2 8 9 8 8 1 6 4 8 8 7 2 
7 2 4   8 8   8   6 5   5 9 2 5 1 7 6   2 2 4 6 6 
1 9 8   8 6 2 9   9 1   5 6 8 3 4 5 1 1 8 8 5 9 9 
5 1 4 8 2 3 6 7 6 8 5 6 4 4 9 9 9 4 2 5 4 5 7 6 8 
2 2 4 4 6 9 8 2 4 7 1   1 4 6 2 8 1 3 4 9 1 7 7 8 
1 1 1 9 1 1 7 2 6 4 1 1 7 1 4 5 7 6 6   6 9 7 6 5 
6 3 2 1 4 6 9 7 6 1 2 9 7 5 7 4 7 4 5   3 1 7 3 1 
5 3 1 9 5 9 5 1 7 4 4 4 9 8 5 6 3 3 9 4 2 3 1 2 4 
9 6 6 9 7 9 6 9 4 5 2   1 2 1 1 1 3 2 3 7 3 6 8 8 
5 3 3 1 5 6 9 4 1 1 8   8 4 9 8 2 7 6 7 8 9 1 8 8 
2 5 2 2 2 5 4 9 1 4 6 2 9 5 1 4 9 2 8 3 1 3 6 8 7 
8 1 6 8 5 2 5 9 3 6 6 8 9 6 8 8 8 7 1 1 9 7 4 7 7 
2 5 6 2 9 4 4 9 8 5 7 9 3 7 1 7 7 8 1 9 4 5 9 4 6 

Step 44:
7 3 5 5 2 3 4 5 6 8 4 5 1 9 1 1 6 8 4 6 9 2 5 6 7 
2 8 3 9 4 9   8 5 4 7 9 8 2 6 3 2 1 8 6 2 2 4 8 3 
5 9 3 7 4 4 7 5 7 6 2 5 5 6 9 5 1 1 7 8 9 1 3 1 1 
  1 3   1 3   2   8 9 6 6 4 7 9 1 6 4 8 9 1 6 2 1 
6 6 9   1 2 4 7 2 7   8 3 2 5 2 3 5 7   3 3 5 8 4 
4 3 2   1 4   4   3 2   9 7 4 7 9 6 8 5 9 4 3 7 9 
9 2 3   6 3   4 9 2     5 9 6 2 9 6 5 3 5 1 3 9 1 
  8 6   4 5   7   5 7 2 2 5 5 9 9 6 2   7 6 8 1 9 
2 2 1 6 9 9   6 7 8 1   3 6 1 2 3 4 5 2 4 6 3 5 7 
  6 8   3 6 5 1 9 7 8   3 6 7 7 3 1 8   5 1 4 8 9 
8 1 6 4 4 8 5 3 3 3 6   7 8 8 8 3 1 3 9 2 4 9 4 9 
4 9 1   8 7 5 4 1 3 3 2 7 6 1 5 9 6 5 2 6 5 4 7 3 
2 1 6   7 5 7 8 8 1 *   7 2 8 9 8 8 1 6 4 8 8 7 2 
7 2 4   8 8   8   6 5   5 9 2 5 1 7 6   2 2 4 6 6 
1 9 8   8 6 2 9   9 1   5 6 8 3 4 5 1 1 8 8 5 9 9 
5 1 4 8 2 3 6 7 6 8 5 6 4 4 9 9 9 4 2 5 4 5 7 6 8 
2 2 4 4 6 9 8 2 4 7 1   1 4 6 2 8 1 3 4 9 1 7 7 8 
1 1 1 9 1 1 7 2 6 4 1 1 7 1 4 5 7 6 6   6 9 7 6 5 
6 3 2 1 4 6 9 7 6 1 2 9 7 5 7 4 7 4 5   3 1 7 3 1 
5 3 1 9 5 9 5 1 7 4 4 4 9 8 5 6 3 3 9 4 2 3 1 2 4 
9 6 6 9 7 9 6 9 4 5 2   1 2 1 1 1 3 2 3 7 3 6 8 8 
5 3 3 1 5 6 9 4 1 1 8   8 4 9 8 2 7 6 7 8 9 1 8 8 
2 5 2 2 2 5 4 9 1 4 6 2 9 5 1 4 9 2 8 3 1 3 6 8 7 
8 1 6 8 5 2 5 9 3 6 6 8 9 6 8 8 8 7 1 1 9 7 4 7 7 
2 5 6 2 9 4 4 9 8 5 7 9 3 7 1 7 7 8 1 9 4 5 9 4 6 

Step 45:
7 3 5 5 2 3 4 5 6 8 4 5 1 9 1 1 6 8 4 6 9 2 5 6 7 
2 8 3 9 4 9   8 5 4 7 9 8 2 6 3 2 1 8 6 2 2 4 8 3 
5 9 3 7 4 4 7 5 7 6 2 5 5 6 9 5 1 1 7 8 9 1 3 1 1 
  1 3   1 3   2   8 9 6 6 4 7 9 1 6 4 8 9 1 6 2 1 
6 6 9   1 2 4 7 2 7   8 3 2 5 2 3 5 7   3 3 5 8 4 
4 3 2   1 4   4   3 2   9 7 4 7 9 6 8 5 9 4 3 7 9 
9 2 3   6 3   4 9 2     5 9 6 2 9 6 5 3 5 1 3 9 1 
  8 6   4 5   7   5 7 2 2 5 5 9 9 6 2   7 6 8 1 9 
2 2 1 6 9 9   6 7 8 1   3 6 1 2 3 4 5 2 4 6 3 5 7 
  6 8   3 6 5 1 9 7 *   3 6 7 7 3 1 8   5 1 4 8 9 
8 1 6 4 4 8 5 3 3 3 6   7 8 8 8 3 1 3 9 2 4 9 4 9 
4 9 1   8 7 5 4 1 3 3 2 7 6 1 5 9 6 5 2 6 5 4 7 3 
2 1 6   7 5 7 8 8 1     7 2 8 9 8 8 1 6 4 8 8 7 2 
7 2 4   8 8   8   6 5   5 9 2 5 1 7 6   2 2 4 6 6 
1 9 8   8 6 2 9   9 1   5 6 8 3 4 5 1 1 8 8 5 9 9 
5 1 4 8 2 3 6 7 6 8 5 6 4 4 9 9 9 4 2 5 4 5 7 6 8 
2 2 4 4 6 9 8 2 4 7 1   1 4 6 2 8 1 3 4 9 1 7 7 8 
1 1 1 9 1 1 7 2 6 4 1 1 7 1 4 5 7 6 6   6 9 7 6 5 
6 3 2 1 4 6 9 7 6 1 2 9 7 5 7 4 7 4 5   3 1 7 3 1 
5 3 1 9 5 9 5 1 7 4 4 4 9 8 5 6 3 3 9 4 2 3 1 2 4 
9 6 6 9 7 9 6 9 4 5 2   1 2 1 1 1 3 2 3 7 3 6 8 8 
5 3 3 1 5 6 9 4 1 1 8   8 4 9 8 2 7 6 7 8 9 1 8 8 
2 5 2 2 2 5 4 9 1 4 6 2 9 5 1 4 9 2 8 3 1 3 6 8 7 
8 1 6 8 5 2 5 9 3 6 6 8 9 6 8 8 8 7 1 1 9 7 4 7 7 
2 5 6 2 9 4 4 9 8 5 7 9 3 7 1 7 7 8 1 9 4 5 9 4 6 

Step 46:
7 3 5 5 2 3 4 5 6 8 4 5 1 9 1 1 6 8 4 6 9 2 5 6 7 
2 8 3 9 4 9   8 5 4 7 9 8 2 6 3 2 1 8 6 2 2 4 8 3 
5 9 3 7 4 4 7 5 7 6 2 5 5 6 9 5 1 1 7 8 9 1 3 1 1 
  1 3   1 3   2   8 9 6 6 4 7 9 1 6 4 8 9 1 6 2 1 
6 6 9   1 2 4 7 2 7   8 3 2 5 2 3 5 7   3 3 5 8 4 
4 3 2   1 4   4   3 2   9 7 4 7 9 6 8 5 9 4 3 7 9 
9 2 3   6 3   4 9 2     5 9 6 2 9 6 5 3 5 1 3 9 1 
  8 6   4 5   7   5 7 2 2 5 5 9 9 6 2   7 6 8 1 9 
2 2 1 6 9 9   6 7 8 *   3 6 1 2 3 4 5 2 4 6 3 5 7 
  6 8   3 6 5 1 9 7     3 6 7 7 3 1 8   5 1 4 8 9 
8 1 6 4 4 8 5 3 3 3 6   7 8 8 8 3 1 3 9 2 4 9 4 9 
4 9 1   8 7 5 4 1 3 3 2 7 6 1 5 9 6 5 2 6 5 4 7 3 
2 1 6   7 5 7 8 8 1     7 2 8 9 8 8 1 6 4 8 8 7 2 
7 2 4   8 8   8   6 5   5 9 2 5 1 7 6   2 2 4 6 6 
1 9 8   8 6 2 9   9 1   5 6 8 3 4 5 1 1 8 8 5 9 9 
5 1 4 8 2 3 6 7 6 8 5 6 4 4 9 9 9 4 2 5 4 5 7 6 8 
2 2 4 4 6 9 8 2 4 7 1   1 4 6 2 8 1 3 4 9 1 7 7 8 
1 1 1 9 1 1 7 2 6 4 1 1 7 1 4 5 7 6 6   6 9 7 6 5 
6 3 2 1 4 6 9 7 6 1 2 9 7 5 7 4 7 4 5   3 1 7 3 1 
5 3 1 9 5 9 5 1 7 4 4 4 9 8 5 6 3 3 9 4 2 3 1 2 4 
9 6 6 9 7 9 6 9 4 5 2   1 2 1 1 1 3 2 3 7 3 6 8 8 
5 3 3 1 5 6 9 4 1 1 8   8 4 9 8 2 7 6 7 8 9 1 8 8 
2 5 2 2 2 5 4 9 1 4 6 2 9 5 1 4 9 2 8 3 1 3 6 8 7 
8 1 6 8 5 2 5 9 3 6 6 8 9 6 8 8 8 7 1 1 9 7 4 7 7 
2 5 6 2 9 4 4 9 8 5 7 9 3 7 1 7 7 8 1 9 4 5 9 4 6 

Step 47:
7 3 5 5 2 3 4 5 6 8 4 5 1 9 1 1 6 8 4 6 9 2 5 6 7 
2 8 3 9 4 9   8 5 4 * 9 8 2 6 3 2 1 8 6 2 2 4 8 3 
5 9 3 7 4 4 7 5 7 6 2 5 5 6 9 5 1 1 7 8 9 1 3 1 1 
  1 3   1 3   2   8 9 6 6 4 7 9 1 6 4 8 9 1 6 2 1 
6 6 9   1 2 4 7 2 7   8 3 2 5 2 3 5 7   3 3 5 8 4 
4 3 2   1 4   4   3 2   9 7 4 7 9 6 8 5 9 4 3 7 9 
9 2 3   6 3   4 9 2     5 9 6 2 9 6 5 3 5 1 3 9 1 
  8 6   4 5   7   5 7 2 2 5 5 9 9 6 2   7 6 8 1 9 
2 2 1 6 9 9   6 7 8     3 6 1 2 3 4 5 2 4 6 3 5 7 
  6 8   3 6 5 1 9 7     3 6 7 7 3 1 8   5 1 4 8 9 
8 1 6 4 4 8 5 3 3 3 6   7 8 8 8 3 1 3 9 2 4 9 4 9 
4 9 1   8 7 5 4 1 3 3 2 7 6 1 5 9 6 5 2 6 5 4 7 3 
2 1 6   7 5 7 8 8 1     7 2 8 9 8 8 1 6 4 8 8 7 2 
7 2 4   8 8   8   6 5   5 9 2 5 1 7 6   2 2 4 6 6 
1 9 8   8 6 2 9   9 1   5 6 8 3 4 5 1 1 8 8 5 9 9 
5 1 4 8 2 3 6 7 6 8 5 6 4 4 9 9 9 4 2 5 4 5 7 6 8 
2 2 4 4 6 9 8 2 4 7 1   1 4 6 2 8 1 3 4 9 1 7 7 8 
1 1 1 9 1 1 7 2 6 4 1 1 7 1 4 5 7 6 6   6 9 7 6 5 
6 3 2 1 4 6 9 7 6 1 2 9 7 5 7 4 7 4 5   3 1 7 3 1 
5 3 1 9 5 9 5 1 7 4 4 4 9 8 5 6 3 3 9 4 2 3 1 2 4 
9 6 6 9 7 9 6 9 4 5 2   1 2 1 1 1 3 2 3 7 3 6 8 8 
5 3 3 1 5 6 9 4 1 1 8   8 4 9 8 2 7 6 7 8 9 1 8 8 
2 5 2 2 2 5 4 9 1 4 6 2 9 5 1 4 9 2 8 3 1 3 6 8 7 
8 1 6 8 5 2 5 9 3 6 6 8 9 6 8 8 8 7 1 1 9 7 4 7 7 
2 5 6 2 9 4 4 9 8 5 7 9 3 7 1 7 7 8 1 9 4 5 9 4 6 

Step 48:
7 3 5 5 2 3 4 5 6 8 4 5 1 9 1 1 6 8 4 6 9 2 5 6 7 
2 8 3 9 4 9   8 5 4   9 8 2 6 3 2 1 8 6 2 2 4 8 3 
5 9 3 7 4 4 7 5 7 6 2 5 5 6 9 5 1 1 7 8 9 1 3 1 1 
  1 3   1 3   2   8 * 6 6 4 7 9 1 6 4 8 9 1 6 2 1 
6 6 9   1 2 4 7 2 7   8 3 2 5 2 3 5 7   3 3 5 8 4 
4 3 2   1 4   4   3 2   9 7 4 7 9 6 8 5 9 4 3 7 9 
9 2 3   6 3   4 9 2     5 9 6 2 9 6 5 3 5 1 3 9 1 
  8 6   4 5   7   5 7 2 2 5 5 9 9 6 2   7 6 8 1 9 
2 2 1 6 9 9   6 7 8     3 6 1 2 3 4 5 2 4 6 3 5 7 
  6 8   3 6 5 1 9 7     3 6 7 7 3 1 8   5 1 4 8 9 
8 1 6 4 4 8 5 3 3 3 6   7 8 8 8 3 1 3 9 2 4 9 4 9 
4 9 1   8 7 5 4 1 3 3 2 7 6 1 5 9 6 5 2 6 5 4 7 3 
2 1 6   7 5 7 8 8 1     7 2 8 9 8 8 1 6 4 8 8 7 2 
7 2 4   8 8   8   6 5   5 9 2 5 1 7 6   2 2 4 6 6 
1 9 8   8 6 2 9   9 1   5 6 8 3 4 5 1 1 8 8 5 9 9 
5 1 4 8 2 3 6 7 6 8 5 6 4 4 9 9 9 4 2 5 4 5 7 6 8 
2 2 4 4 6 9 8 2 4 7 1   1 4 6 2 8 1 3 4 9 1 7 7 8 
1 1 1 9 1 1 7 2 6 4 1 1 7 1 4 5 7 6 6   6 9 7 6 5 
6 3 2 1 4 6 9 7 6 1 2 9 7 5 7 4 7 4 5   3 1 7 3 1 
5 3 1 9 5 9 5 1 7 4 4 4 9 8 5 6 3 3 9 4 2 3 1 2 4 
9 6 6 9 7 9 6 9 4 5 2   1 2 1 1 1 3 2 3 7 3 6 8 8 
5 3 3 1 5 6 9 4 1 1 8   8 4 9 8 2 7 6 7 8 9 1 8 8 
2 5 2 2 2 5 4 9 1 4 6 2 9 5 1 4 9 2 8 3 1 3 6 8 7 
8 1 6 8 5 2 5 9 3 6 6 8 9 6 8 8 8 7 1 1 9 7 4 7 7 
2 5 6 2 9 4 4 9 8 5 7 9 3 7 1 7 7 8 1 9 4 5 9 4 6 

Step 49:
7 3 5 5 2 3 4 5 6 8 4 5 1 9 1 1 6 8 4 6 9 2 5 6 7 
2 8 3 9 4 9   8 5 4   9 8 2 6 3 2 1 8 6 2 2 4 8 3 
5 9 3 7 4 4 7 5 7 6 2 5 5 6 9 5 1 1 7 8 9 1 3 1 1 
  1 *   1 3   2   8   6 6 4 7 9 1 6 4 8 9 1 6 2 1 
6 6 9   1 2 4 7 2 7   8 3 2 5 2 3 5 7   3 3 5 8 4 
4 3 2   1 4   4   3 2   9 7 4 7 9 6 8 5 9 4 3 7 9 
9 2 3   6 3   4 9 2     5 9 6 2 9 6 5 3 5 1 3 9 1 
  8 6   4 5   7   5 7 2 2 5 5 9 9 6 2   7 6 8 1 9 
2 2 1 6 9 9   6 7 8     3 6 1 2 3 4 5 2 4 6 3 5 7 
  6 8   3 6 5 1 9 7     3 6 7 7 3 1 8   5 1 4 8 9 
8 1 6 4 4 8 5 3 3 3 6   7 8 8 8 3 1 3 9 2 4 9 4 9 
4 9 1   8 7 5 4 1 3 3 2 7 6 1 5 9 6 5 2 6 5 4 7 3 
2 1 6   7 5 7 8 8 1     7 2 8 9 8 8 1 6 4 8 8 7 2 
7 2 4   8 8   8   6 5   5 9 2 5 1 7 6   2 2 4 6 6 
1 9 8   8 6 2 9   9 1   5 6 8 3 4 5 1 1 8 8 5 9 9 
5 1 4 8 2 3 6 7 6 8 5 6 4 4 9 9 9 4 2 5 4 5 7 6 8 
2 2 4 4 6 9 8 2 4 7 1   1 4 6 2 8 1 3 4 9 1 7 7 8 
1 1 1 9 1 1 7 2 6 4 1 1 7 1 4 5 7 6 6   6 9 7 6 5 
6 3 2 1 4 6 9 7 6 1 2 9 7 5 7 4 7 4 5   3 1 7 3 1 
5 3 1 9 5 9 5 1 7 4 4 4 9 8 5 6 3 3 9 4 2 3 1 2 4 
9 6 6 9 7 9 6 9 4 5 2   1 2 1 1 1 3 2 3 7 3 6 8 8 
5 3 3 1 5 6 9 4 1 1 8   8 4 9 8 2 7 6 7 8 9 1 8 8 
2 5 2 2 2 5 4 9 1 4 6 2 9 5 1 4 9 2 8 3 1 3 6 8 7 
8 1 6 8 5 2 5 9 3 6 6 8 9 6 8 8 8 7 1 1 9 7 4 7 7 
2 5 6 2 9 4 4 9 8 5 7 9 3 7 1 7 7 8 1 9 4 5 9 4 6 

Step 50:
7 3 * 5 2 3 4 5 6 8 4 5 1 9 1 1 6 8 4 6 9 2 5 6 7 
2 8 3 9 4 9   8 5 4   9 8 2 6 3 2 1 8 6 2 2 4 8 3 
5 9 3 7 4 4 7 5 7 6 2 5 5 6 9 5 1 1 7 8 9 1 3 1 1 
  1     1 3   2   8   6 6 4 7 9 1 6 4 8 9 1 6 2 1 
6 6 9   1 2 4 7 2 7   8 3 2 5 2 3 5 7   3 3 5 8 4 
4 3 2   1 4   4   3 2   9 7 4 7 9 6 8 5 9 4 3 7 9 
9 2 3   6 3   4 9 2     5 9 6 2 9 6 5 3 5 1 3 9 1 
  8 6   4 5   7   5 7 2 2 5 5 9 9 6 2   7 6 8 1 9 
2 2 1 6 9 9   6 7 8     3 6 1 2 3 4 5 2 4 6 3 5 7 
  6 8   3 6 5 1 9 7     3 6 7 7 3 1 8   5 1 4 8 9 
8 1 6 4 4 8 5 3 3 3 6   7 8 8 8 3 1 3 9 2 4 9 4 9 
4 9 1   8 7 5 4 1 3 3 2 7 6 1 5 9 6 5 2 6 5 4 7 3 
2 1 6   7 5 7 8 8 1     7 2 8 9 8 8 1 6 4 8 8 7 2 
7 2 4   8 8   8   6 5   5 9 2 5 1 7 6   2 2 4 6 6 
1 9 8   8 6 2 9   9 1   5 6 8 3 4 5 1 1 8 8 5 9 9 
5 1 4 8 2 3 6 7 6 8 5 6 4 4 9 9 9 4 2 5 4 5 7 6 8 
2 2 4 4 6 9 8 2 4 7 1   1 4 6 2 8 1 3 4 9 1 7 7 8 
1 1 1 9 1 1 7 2 6 4 1 1 7 1 4 5 7 6 6   6 9 7 6 5 
6 3 2 1 4 6 9 7 6 1 2 9 7 5 7 4 7 4 5   3 1 7 3 1 
5 3 1 9 5 9 5 1 7 4 4 4 9 8 5 6 3 3 9 4 2 3 1 2 4 
9 6 6 9 7 9 6 9 4 5 2   1 2 1 1 1 3 2 3 7 3 6 8 8 
5 3 3 1 5 6 9 4 1 1 8   8 4 9 8 2 7 6 7 8 9 1 8 8 
2 5 2 2 2 5 4 9 1 4 6 2 9 5 1 4 9 2 8 3 1 3 6 8 7 
8 1 6 8 5 2 5 9 3 6 6 8 9 6 8 8 8 7 1 1 9 7 4 7 7 
2 5 6 2 9 4 4 9 8 5 7 9 3 7 1 7 7 8 1 9 4 5 9 4 6 

Step 51:
7 3   5 2 3 4 * 6 8 4 5 1 9 1 1 6 8 4 6 9 2 5 6 7 
2 8 3 9 4 9   8 5 4   9 8 2 6 3 2 1 8 6 2 2 4 8 3 
5 9 3 7 4 4 7 5 7 6 2 5 5 6 9 5 1 1 7 8 9 1 3 1 1 
  1     1 3   2   8   6 6 4 7 9 1 6 4 8 9 1 6 2 1 
6 6 9   1 2 4 7 2 7   8 3 2 5 2 3 5 7   3 3 5 8 4 
4 3 2   1 4   4   3 2   9 7 4 7 9 6 8 5 9 4 3 7 9 
9 2 3   6 3   4 9 2     5 9 6 2 9 6 5 3 5 1 3 9 1 
  8 6   4 5   7   5 7 2 2 5 5 9 9 6 2   7 6 8 1 9 
2 2 1 6 9 9   6 7 8     3 6 1 2 3 4 5 2 4 6 3 5 7 
  6 8   3 6 5 1 9 7     3 6 7 7 3 1 8   5 1 4 8 9 
8 1 6 4 4 8 5 3 3 3 6   7 8 8 8 3 1 3 9 2 4 9 4 9 
4 9 1   8 7 5 4 1 3 3 2 7 6 1 5 9 6 5 2 6 5 4 7 3 
2 1 6   7 5 7 8 8 1     7 2 8 9 8 8 1 6 4 8 8 7 2 
7 2 4   8 8   8   6 5   5 9 2 5 1 7 6   2 2 4 6 6 
1 9 8   8 6 2 9   9 1   5 6 8 3 4 5 1 1 8 8 5 9 9 
5 1 4 8 2 3 6 7 6 8 5 6 4 4 9 9 9 4 2 5 4 5 7 6 8 
2 2 4 4 6 9 8 2 4 7 1   1 4 6 2 8 1 3 4 9 1 7 7 8 
1 1 1 9 1 1 7 2 6 4 1 1 7 1 4 5 7 6 6   6 9 7 6 5 
6 3 2 1 4 6 9 7 6 1 2 9 7 5 7 4 7 4 5   3 1 7 3 1 
5 3 1 9 5 9 5 1 7 4 4 4 9 8 5 6 3 3 9 4 2 3 1 2 4 
9 6 6 9 7 9 6 9 4 5 2   1 2 1 1 1 3 2 3 7 3 6 8 8 
5 3 3 1 5 6 9 4 1 1 8   8 4 9 8 2 7 6 7 8 9 1 8 8 
2 5 2 2 2 5 4 9 1 4 6 2 9 5 1 4 9 2 8 3 1 3 6 8 7 
8 1 6 8 5 2 5 9 3 6 6 8 9 6 8 8 8 7 1 1 9 7 4 7 7 
2 5 6 2 9 4 4 9 8 5 7 9 3 7 1 7 7 8 1 9 4 5 9 4 6 

Step 52:
7 3   5 2 3 4   6 8 4 5 1 9 1 1 6 8 4 6 9 2 5 6 7 
2 8 3 9 4 9   8 5 4   9 8 2 6 3 2 1 8 6 2 2 4 8 3 
5 9 3 7 4 4 7 5 7 6 2 5 5 6 9 5 1 1 7 8 9 1 3 1 1 
  1     1 3   2   8   6 6 4 7 9 1 6 4 8 9 1 6 2 1 
6 6 9   1 2 4 7 2 7   8 3 2 5 2 3 5 7   3 3 5 8 4 
4 3 2   1 4   4   3 2   9 7 4 7 9 6 8 5 9 4 3 7 9 
9 2 3   6 3   4 9 2     5 9 6 2 9 6 5 3 5 1 3 9 1 
  8 6   4 5   7   5 7 2 2 5 5 9 9 6 2   7 6 8 1 9 
2 2 1 6 9 9   * 7 8     3 6 1 2 3 4 5 2 4 6 3 5 7 
  6 8   3 6 5 1 9 7     3 6 7 7 3 1 8   5 1 4 8 9 
8 1 6 4 4 8 5 3 3 3 6   7 8 8 8 3 1 3 9 2 4 9 4 9 
4 9 1   8 7 5 4 1 3 3 2 7 6 1 5 9 6 5 2 6 5 4 7 3 
2 1 6   7 5 7 8 8 1     7 2 8 9 8 8 1 6 4 8 8 7 2 
7 2 4   8 8   8   6 5   5 9 2 5 1 7 6   2 2 4 6 6 
1 9 8   8 6 2 9   9 1   5 6 8 3 4 5 1 1 8 8 5 9 9 
5 1 4 8 2 3 6 7 6 8 5 6 4 4 9 9 9 4 2 5 4 5 7 6 8 
2 2 4 4 6 9 8 2 4 7 1   1 4 6 2 8 1 3 4 9 1 7 7 8 
1 1 1 9 1 1 7 2 6 4 1 1 7 1 4 5 7 6 6   6 9 7 6 5 
6 3 2 1 4 6 9 7 6 1 2 9 7 5 7 4 7 4 5   3 1 7 3 1 
5 3 1 9 5 9 5 1 7 4 4 4 9 8 5 6 3 3 9 4 2 3 1 2 4 
9 6 6 9 7 9 6 9 4 5 2   1 2 1 1 1 3 2 3 7 3 6 8 8 
5 3 3 1 5 6 9 4 1 1 8   8 4 9 8 2 7 6 7 8 9 1 8 8 
2 5 2 2 2 5 4 9 1 4 6 2 9 5 1 4 9 2 8 3 1 3 6 8 7 
8 1 6 8 5 2 5 9 3 6 6 8 9 6 8 8 8 7 1 1 9 7 4 7 7 
2 5 6 2 9 4 4 9 8 5 7 9 3 7 1 7 7 8 1 9 4 5 9 4 6 

Step 53:
7 3   5 2 3 4   6 8 4 5 1 9 1 1 6 8 4 6 9 2 5 6 7 
2 8 3 9 4 9   * 5 4   9 8 2 6 3 2 1 8 6 2 2 4 8 3 
5 9 3 7 4 4 7 5 7 6 2 5 5 6 9 5 1 1 7 8 9 1 3 1 1 
  1     1 3   2   8   6 6 4 7 9 1 6 4 8 9 1 6 2 1 
6 6 9   1 2 4 7 2 7   8 3 2 5 2 3 5 7   3 3 5 8 4 
4 3 2   1 4   4   3 2   9 7 4 7 9 6 8 5 9 4 3 7 9 
9 2 3   6 3   4 9 2     5 9 6 2 9 6 5 3 5 1 3 9 1 
  8 6   4 5   7   5 7 2 2 5 5 9 9 6 2   7 6 8 1 9 
2 2 1 6 9 9     7 8     3 6 1 2 3 4 5 2 4 6 3 5 7 
  6 8   3 6 5 1 9 7     3 6 7 7 3 1 8   5 1 4 8 9 
8 1 6 4 4 8 5 3 3 3 6   7 8 8 8 3 1 3 9 2 4 9 4 9 
4 9 1   8 7 5 4 1 3 3 2 7 6 1 5 9 6 5 2 6 5 4 7 3 
2 1 6   7 5 7 8 8 1     7 2 8 9 8 8 1 6 4 8 8 7 2 
7 2 4   8 8   8   6 5   5 9 2 5 1 7 6   2 2 4 6 6 
1 9 8   8 6 2 9   9 1   5 6 8 3 4 5 1 1 8 8 5 9 9 
5 1 4 8 2 3 6 7 6 8 5 6 4 4 9 9 9 4 2 5 4 5 7 6 8 
2 2 4 4 6 9 8 2 4 7 1   1 4 6 2 8 1 3 4 9 1 7 7 8 
1 1 1 9 1 1 7 2 6 4 1 1 7 1 4 5 7 6 6   6 9 7 6 5 
6 3 2 1 4 6 9 7 6 1 2 9 7 5 7 4 7 4 5   3 1 7 3 1 
5 3 1 9 5 9 5 1 7 4 4 4 9 8 5 6 3 3 9 4 2 3 1 2 4 
9 6 6 9 7 9 6 9 4 5 2   1 2 1 1 1 3 2 3 7 3 6 8 8 
5 3 3 1 5 6 9 4 1 1 8   8 4 9 8 2 7 6 7 8 9 1 8 8 
2 5 2 2 2 5 4 9 1 4 6 2 9 5 1 4 9 2 8 3 1 3 6 8 7 
8 1 6 8 5 2 5 9 3 6 6 8 9 6 8 8 8 7 1 1 9 7 4 7 7 
2 5 6 2 9 4 4 9 8 5 7 9 3 7 1 7 7 8 1 9 4 5 9 4 6 

Step 54:
7 3   5 2 3 4   6 8 4 5 1 9 1 1 6 8 4 6 9 2 5 6 7 
2 8 3 9 4 9     5 4   9 8 2 6 3 2 1 8 6 2 2 4 8 3 
5 9 3 7 4 4 7 5 7 6 2 5 5 6 9 5 1 1 7 8 9 1 3 1 1 
  1     1 3   2   8   6 6 4 7 9 1 6 4 8 9 1 6 2 1 
6 6 9   1 2 4 7 2 7   8 3 2 5 2 3 5 7   3 3 5 8 4 
4 3 2   1 4   4   3 2   9 7 4 7 9 6 8 5 9 4 3 7 9 
9 2 3   6 3   * 9 2     5 9 6 2 9 6 5 3 5 1 3 9 1 
  8 6   4 5   7   5 7 2 2 5 5 9 9 6 2   7 6 8 1 9 
2 2 1 6 9 9     7 8     3 6 1 2 3 4 5 2 4 6 3 5 7 
  6 8   3 6 5 1 9 7     3 6 7 7 3 1 8   5 1 4 8 9 
8 1 6 4 4 8 5 3 3 3 6   7 8 8 8 3 1 3 9 2 4 9 4 9 
4 9 1   8 7 5 4 1 3 3 2 7 6 1 5 9 6 5 2 6 5 4 7 3 
2 1 6   7 5 7 8 8 1     7 2 8 9 8 8 1 6 4 8 8 7 2 
7 2 4   8 8   8   6 5   5 9 2 5 1 7 6   2 2 4 6 6 
1 9 8   8 6 2 9   9 1   5 6 8 3 4 5 1 1 8 8 5 9 9 
5 1 4 8 2 3 6 7 6 8 5 6 4 4 9 9 9 4 2 5 4 5 7 6 8 
2 2 4 4 6 9 8 2 4 7 1   1 4 6 2 8 1 3 4 9 1 7 7 8 
1 1 1 9 1 1 7 2 6 4 1 1 7 1 4 5 7 6 6   6 9 7 6 5 
6 3 2 1 4 6 9 7 6 1 2 9 7 5 7 4 7 4 5   3 1 7 3 1 
5 3 1 9 5 9 5 1 7 4 4 4 9 8 5 6 3 3 9 4 2 3 1 2 4 
9 6 6 9 7 9 6 9 4 5 2   1 2 1 1 1 3 2 3 7 3 6 8 8 
5 3 3 1 5 6 9 4 1 1 8   8 4 9 8 2 7 6 7 8 9 1 8 8 
2 5 2 2 2 5 4 9 1 4 6 2 9 5 1 4 9 2 8 3 1 3 6 8 7 
8 1 6 8 5 2 5 9 3 6 6 8 9 6 8 8 8 7 1 1 9 7 4 7 7 
2 5 6 2 9 4 4 9 8 5 7 9 3 7 1 7 7 8 1 9 4 5 9 4 6 

Step 55:
7 3   5 2 3 4   6 8 4 5 1 9 1 1 6 8 4 6 9 2 5 6 7 
2 8 3 9 4 9     5 4   9 8 2 6 3 2 1 8 6 2 2 4 8 3 
5 9 3 7 4 4 7 * 7 6 2 5 5 6 9 5 1 1 7 8 9 1 3 1 1 
  1     1 3   2   8   6 6 4 7 9 1 6 4 8 9 1 6 2 1 
6 6 9   1 2 4 7 2 7   8 3 2 5 2 3 5 7   3 3 5 8 4 
4 3 2   1 4   4   3 2   9 7 4 7 9 6 8 5 9 4 3 7 9 
9 2 3   6 3     9 2     5 9 6 2 9 6 5 3 5 1 3 9 1 
  8 6   4 5   7   5 7 2 2 5 5 9 9 6 2   7 6 8 1 9 
2 2 1 6 9 9     7 8     3 6 1 2 3 4 5 2 4 6 3 5 7 
  6 8   3 6 5 1 9 7     3 6 7 7 3 1 8   5 1 4 8 9 
8 1 6 4 4 8 5 3 3 3 6   7 8 8 8 3 1 3 9 2 4 9 4 9 
4 9 1   8 7 5 4 1 3 3 2 7 6 1 5 9 6 5 2 6 5 4 7 3 
2 1 6   7 5 7 8 8 1     7 2 8 9 8 8 1 6 4 8 8 7 2 
7 2 4   8 8   8   6 5   5 9 2 5 1 7 6   2 2 4 6 6 
1 9 8   8 6 2 9   9 1   5 6 8 3 4 5 1 1 8 8 5 9 9 
5 1 4 8 2 3 6 7 6 8 5 6 4 4 9 9 9 4 2 5 4 5 7 6 8 
2 2 4 4 6 9 8 2 4 7 1   1 4 6 2 8 1 3 4 9 1 7 7 8 
1 1 1 9 1 1 7 2 6 4 1 1 7 1 4 5 7 6 6   6 9 7 6 5 
6 3 2 1 4 6 9 7 6 1 2 9 7 5 7 4 7 4 5   3 1 7 3 1 
5 3 1 9 5 9 5 1 7 4 4 4 9 8 5 6 3 3 9 4 2 3 1 2 4 
9 6 6 9 7 9 6 9 4 5 2   1 2 1 1 1 3 2 3 7 3 6 8 8 
5 3 3 1 5 6 9 4 1 1 8   8 4 9 8 2 7 6 7 8 9 1 8 8 
2 5 2 2 2 5 4 9 1 4 6 2 9 5 1 4 9 2 8 3 1 3 6 8 7 
8 1 6 8 5 2 5 9 3 6 6 8 9 6 8 8 8 7 1 1 9 7 4 7 7 
2 5 6 2 9 4 4 9 8 5 7 9 3 7 1 7 7 8 1 9 4 5 9 4 6 

Step 56:
7 3   5 2 3 4   6 8 4 5 1 9 1 1 6 8 4 6 9 2 5 6 7 
2 8 3 9 4 9     5 4   9 8 2 6 3 2 1 8 6 2 2 4 8 3 
5 9 3 7 4 4 7   7 6 2 5 5 6 9 5 1 1 7 8 9 1 3 1 1 
  1     1 3   2   8   6 6 4 7 9 1 6 4 8 9 1 6 2 1 
6 6 9   1 2 4 * 2 7   8 3 2 5 2 3 5 7   3 3 5 8 4 
4 3 2   1 4   4   3 2   9 7 4 7 9 6 8 5 9 4 3 7 9 
9 2 3   6 3     9 2     5 9 6 2 9 6 5 3 5 1 3 9 1 
  8 6   4 5   7   5 7 2 2 5 5 9 9 6 2   7 6 8 1 9 
2 2 1 6 9 9     7 8     3 6 1 2 3 4 5 2 4 6 3 5 7 
  6 8   3 6 5 1 9 7     3 6 7 7 3 1 8   5 1 4 8 9 
8 1 6 4 4 8 5 3 3 3 6   7 8 8 8 3 1 3 9 2 4 9 4 9 
4 9 1   8 7 5 4 1 3 3 2 7 6 1 5 9 6 5 2 6 5 4 7 3 
2 1 6   7 5 7 8 8 1     7 2 8 9 8 8 1 6 4 8 8 7 2 
7 2 4   8 8   8   6 5   5 9 2 5 1 7 6   2 2 4 6 6 
1 9 8   8 6 2 9   9 1   5 6 8 3 4 5 1 1 8 8 5 9 9 
5 1 4 8 2 3 6 7 6 8 5 6 4 4 9 9 9 4 2 5 4 5 7 6 8 
2 2 4 4 6 9 8 2 4 7 1   1 4 6 2 8 1 3 4 9 1 7 7 8 
1 1 1 9 1 1 7 2 6 4 1 1 7 1 4 5 7 6 6   6 9 7 6 5 
6 3 2 1 4 6 9 7 6 1 2 9 7 5 7 4 7 4 5   3 1 7 3 1 
5 3 1 9 5 9 5 1 7 4 4 4 9 8 5 6 3 3 9 4 2 3 1 2 4 
9 6 6 9 7 9 6 9 4 5 2   1 2 1 1 1 3 2 3 7 3 6 8 8 
5 3 3 1 5 6 9 4 1 1 8   8 4 9 8 2 7 6 7 8 9 1 8 8 
2 5 2 2 2 5 4 9 1 4 6 2 9 5 1 4 9 2 8 3 1 3 6 8 7 
8 1 6 8 5 2 5 9 3 6 6 8 9 6 8 8 8 7 1 1 9 7 4 7 7 
2 5 6 2 9 4 4 9 8 5 7 9 3 7 1 7 7 8 1 9 4 5 9 4 6 

Step 57:
7 3   5 2 3 4   6 8 4 5 1 9 1 1 6 8 4 6 9 2 5 6 7 
2 8 3 9 4 9     5 4   9 8 2 6 3 2 1 8 6 2 2 4 8 3 
5 9 3 7 4 4 7   7 6 2 5 5 6 9 5 1 1 7 8 9 1 3 1 1 
  1     1 3   2   8   6 6 4 7 9 1 6 4 8 9 1 6 2 1 
6 6 9   1 2 4   2 *   8 3 2 5 2 3 5 7   3 3 5 8 4 
4 3 2   1 4   4   3 2   9 7 4 7 9 6 8 5 9 4 3 7 9 
9 2 3   6 3     9 2     5 9 6 2 9 6 5 3 5 1 3 9 1 
  8 6   4 5   7   5 7 2 2 5 5 9 9 6 2   7 6 8 1 9 
2 2 1 6 9 9     7 8     3 6 1 2 3 4 5 2 4 6 3 5 7 
  6 8   3 6 5 1 9 7     3 6 7 7 3 1 8   5 1 4 8 9 
8 1 6 4 4 8 5 3 3 3 6   7 8 8 8 3 1 3 9 2 4 9 4 9 
4 9 1   8 7 5 4 1 3 3 2 7 6 1 5 9 6 5 2 6 5 4 7 3 
2 1 6   7 5 7 8 8 1     7 2 8 9 8 8 1 6 4 8 8 7 2 
7 2 4   8 8   8   6 5   5 9 2 5 1 7 6   2 2 4 6 6 
1 9 8   8 6 2 9   9 1   5 6 8 3 4 5 1 1 8 8 5 9 9 
5 1 4 8 2 3 6 7 6 8 5 6 4 4 9 9 9 4 2 5 4 5 7 6 8 
2 2 4 4 6 9 8 2 4 7 1   1 4 6 2 8 1 3 4 9 1 7 7 8 
1 1 1 9 1 1 7 2 6 4 1 1 7 1 4 5 7 6 6   6 9 7 6 5 
6 3 2 1 4 6 9 7 6 1 2 9 7 5 7 4 7 4 5   3 1 7 3 1 
5 3 1 9 5 9 5 1 7 4 4 4 9 8 5 6 3 3 9 4 2 3 1 2 4 
9 6 6 9 7 9 6 9 4 5 2   1 2 1 1 1 3 2 3 7 3 6 8 8 
5 3 3 1 5 6 9 4 1 1 8   8 4 9 8 2 7 6 7 8 9 1 8 8 
2 5 2 2 2 5 4 9 1 4 6 2 9 5 1 4 9 2 8 3 1 3 6 8 7 
8 1 6 8 5 2 5 9 3 6 6 8 9 6 8 8 8 7 1 1 9 7 4 7 7 
2 5 6 2 9 4 4 9 8 5 7 9 3 7 1 7 7 8 1 9 4 5 9 4 6 

Step 58:
7 3   5 2 3 4   6 8 4 5 1 9 1 1 6 8 4 6 9 2 5 6 7 
2 8 3 9 4 9     5 4   9 8 2 6 3 2 1 8 6 2 2 4 8 3 
5 9 3 7 4 4 7   7 6 2 5 5 6 9 5 1 1 7 8 9 1 3 1 1 
  1     1 3   2   8   6 6 4 7 9 1 6 4 8 9 1 6 2 1 
6 6 9   1 2 4   2     8 3 2 5 2 3 5 7   3 3 5 8 4 
4 3 2   1 4   4   3 2   9 7 4 7 9 6 8 5 9 4 3 7 9 
9 2 3   6 3     9 2     5 9 6 2 9 6 5 3 5 1 3 9 1 
  8 6   4 5   7   * 7 2 2 5 5 9 9 6 2   7 6 8 1 9 
2 2 1 6 9 9     7 8     3 6 1 2 3 4 5 2 4 6 3 5 7 
  6 8   3 6 5 1 9 7     3 6 7 7 3 1 8   5 1 4 8 9 
8 1 6 4 4 8 5 3 3 3 6   7 8 8 8 3 1 3 9 2 4 9 4 9 
4 9 1   8 7 5 4 1 3 3 2 7 6 1 5 9 6 5 2 6 5 4 7 3 
2 1 6   7 5 7 8 8 1     7 2 8 9 8 8 1 6 4 8 8 7 2 
7 2 4   8 8   8   6 5   5 9 2 5 1 7 6   2 2 4 6 6 
1 9 8   8 6 2 9   9 1   5 6 8 3 4 5 1 1 8 8 5 9 9 
5 1 4 8 2 3 6 7 6 8 5 6 4 4 9 9 9 4 2 5 4 5 7 6 8 
2 2 4 4 6 9 8 2 4 7 1   1 4 6 2 8 1 3 4 9 1 7 7 8 
1 1 1 9 1 1 7 2 6 4 1 1 7 1 4 5 7 6 6   6 9 7 6 5 
6 3 2 1 4 6 9 7 6 1 2 9 7 5 7 4 7 4 5   3 1 7 3 1 
5 3 1 9 5 9 5 1 7 4 4 4 9 8 5 6 3 3 9 4 2 3 1 2 4 
9 6 6 9 7 9 6 9 4 5 2   1 2 1 1 1 3 2 3 7 3 6 8 8 
5 3 3 1 5 6 9 4 1 1 8   8 4 9 8 2 7 6 7 8 9 1 8 8 
2 5 2 2 2 5 4 9 1 4 6 2 9 5 1 4 9 2 8 3 1 3 6 8 7 
8 1 6 8 5 2 5 9 3 6 6 8 9 6 8 8 8 7 1 1 9 7 4 7 7 
2 5 6 2 9 4 4 9 8 5 7 9 3 7 1 7 7 8 1 9 4 5 9 4 6 

Step 59:
7 3   5 2 3 4   6 8 4 5 1 9 1 1 6 8 4 6 9 2 5 6 7 
2 8 3 9 4 9     5 4   9 8 2 6 3 2 1 8 6 2 2 4 8 3 
5 9 3 7 4 4 7   7 6 2 5 5 6 9 5 1 1 7 8 9 1 3 1 1 
  1     1 3   2   8   6 6 4 7 9 1 6 4 8 9 1 6 2 1 
6 6 9   1 2 4   2     8 3 2 5 2 3 5 7   3 3 5 8 4 
4 3 2   1 4   4   * 2   9 7 4 7 9 6 8 5 9 4 3 7 9 
9 2 3   6 3     9 2     5 9 6 2 9 6 5 3 5 1 3 9 1 
  8 6   4 5   7     7 2 2 5 5 9 9 6 2   7 6 8 1 9 
2 2 1 6 9 9     7 8     3 6 1 2 3 4 5 2 4 6 3 5 7 
  6 8   3 6 5 1 9 7     3 6 7 7 3 1 8   5 1 4 8 9 
8 1 6 4 4 8 5 3 3 3 6   7 8 8 8 3 1 3 9 2 4 9 4 9 
4 9 1   8 7 5 4 1 3 3 2 7 6 1 5 9 6 5 2 6 5 4 7 3 
2 1 6   7 5 7 8 8 1     7 2 8 9 8 8 1 6 4 8 8 7 2 
7 2 4   8 8   8   6 5   5 9 2 5 1 7 6   2 2 4 6 6 
1 9 8   8 6 2 9   9 1   5 6 8 3 4 5 1 1 8 8 5 9 9 
5 1 4 8 2 3 6 7 6 8 5 6 4 4 9 9 9 4 2 5 4 5 7 6 8 
2 2 4 4 6 9 8 2 4 7 1   1 4 6 2 8 1 3 4 9 1 7 7 8 
1 1 1 9 1 1 7 2 6 4 1 1 7 1 4 5 7 6 6   6 9 7 6 5 
6 3 2 1 4 6 9 7 6 1 2 9 7 5 7 4 7 4 5   3 1 7 3 1 
5 3 1 9 5 9 5 1 7 4 4 4 9 8 5 6 3 3 9 4 2 3 1 2 4 
9 6 6 9 7 9 6 9 4 5 2   1 2 1 1 1 3 2 3 7 3 6 8 8 
5 3 3 1 5 6 9 4 1 1 8   8 4 9 8 2 7 6 7 8 9 1 8 8 
2 5 2 2 2 5 4 9 1 4 6 2 9 5 1 4 9 2 8 3 1 3 6 8 7 
8 1 6 8 5 2 5 9 3 6 6 8 9 6 8 8 8 7 1 1 9 7 4 7 7 
2 5 6 2 9 4 4 9 8 5 7 9 3 7 1 7 7 8 1 9 4 5 9 4 6 

Step 60:
7 3   5 2 3 4   6 8 4 5 1 9 1 1 6 8 4 6 9 2 5 6 7 
2 8 3 9 4 9     5 4   9 8 2 6 3 2 1 8 6 2 2 4 8 3 
5 9 3 7 4 4 7   7 6 2 5 5 6 9 5 1 1 7 8 9 1 3 1 1 
  1     1 3   *   8   6 6 4 7 9 1 6 4 8 9 1 6 2 1 
6 6 9   1 2 4   2     8 3 2 5 2 3 5 7   3 3 5 8 4 
4 3 2   1 4   4     2   9 7 4 7 9 6 8 5 9 4 3 7 9 
9 2 3   6 3     9 2     5 9 6 2 9 6 5 3 5 1 3 9 1 
  8 6   4 5   7     7 2 2 5 5 9 9 6 2   7 6 8 1 9 
2 2 1 6 9 9     7 8     3 6 1 2 3 4 5 2 4 6 3 5 7 
  6 8   3 6 5 1 9 7     3 6 7 7 3 1 8   5 1 4 8 9 
8 1 6 4 4 8 5 3 3 3 6   7 8 8 8 3 1 3 9 2 4 9 4 9 
4 9 1   8 7 5 4 1 3 3 2 7 6 1 5 9 6 5 2 6 5 4 7 3 
2 1 6   7 5 7 8 8 1     7 2 8 9 8 8 1 6 4 8 8 7 2 
7 2 4   8 8   8   6 5   5 9 2 5 1 7 6   2 2 4 6 6 
1 9 8   8 6 2 9   9 1   5 6 8 3 4 5 1 1 8 8 5 9 9 
5 1 4 8 2 3 6 7 6 8 5 6 4 4 9 9 9 4 2 5 4 5 7 6 8 
2 2 4 4 6 9 8 2 4 7 1   1 4 6 2 8 1 3 4 9 1 7 7 8 
1 1 1 9 1 1 7 2 6 4 1 1 7 1 4 5 7 6 6   6 9 7 6 5 
6 3 2 1 4 6 9 7 6 1 2 9 7 5 7 4 7 4 5   3 1 7 3 1 
5 3 1 9 5 9 5 1 7 4 4 4 9 8 5 6 3 3 9 4 2 3 1 2 4 
9 6 6 9 7 9 6 9 4 5 2   1 2 1 1 1 3 2 3 7 3 6 8 8 
5 3 3 1 5 6 9 4 1 1 8   8 4 9 8 2 7 6 7 8 9 1 8 8 
2 5 2 2 2 5 4 9 1 4 6 2 9 5 1 4 9 2 8 3 1 3 6 8 7 
8 1 6 8 5 2 5 9 3 6 6 8 9 6 8 8 8 7 1 1 9 7 4 7 7 
2 5 6 2 9 4 4 9 8 5 7 9 3 7 1 7 7 8 1 9 4 5 9 4 6 

