Initial Board:
5 8 5 9 9 4 7 6 8 8 
9 5 9 2 5 1 1 1 6 7 
1 3 4 8 7 1 4 6 * 4 
6 4 2 1 8 2 7 5 8 8 
4 7 9 1 5 2 6 6 9 9 
7 1 3 8 1 4 7 6 7 5 
1 8 8 6 6 5 5 7 7 8 
2 2 5 6 8 4 3 4 7 2 
7 8 5 4 7 9 9 2 6 8 
5 7 6 2 9 7 8 9 6 7 

Step 1:
5 8 5 9 9 4 7 6 8 8 
9 5 9 2 5 1 1 1 6 7 
1 3 * 8 7 1 4 6   4 
6 4 2 1 8 2 7 5 8 8 
4 7 9 1 5 2 6 6 9 9 
7 1 3 8 1 4 7 6 7 5 
1 8 8 6 6 5 5 7 7 8 
2 2 5 6 8 4 3 4 7 2 
7 8 5 4 7 9 9 2 6 8 
5 7 6 2 9 7 8 9 6 7 

Step 2:
5 8 5 9 9 4 7 6 8 8 
9 5 9 2 5 1 1 1 6 7 
1 3   8 7 1 4 6   4 
6 4 2 1 8 2 7 5 8 8 
4 7 * 1 5 2 6 6 9 9 
7 1 3 8 1 4 7 6 7 5 
1 8 8 6 6 5 5 7 7 8 
2 2 5 6 8 4 3 4 7 2 
7 8 5 4 7 9 9 2 6 8 
5 7 6 2 9 7 8 9 6 7 

Step 3:
5 8 5 9 9 4 7 6 8 8 
9 5 9 2 5 1 1 1 6 7 
1 3   8 7 1 4 6   4 
6 4 2 1 8 2 7 5 8 8 
4 7   1 5 2 6 6 9 9 
7 1 3 8 1 4 7 6 7 5 
1 8 8 6 6 5 5 7 7 8 
2 2 * 6 8 4 3 4 7 2 
7 8 5 4 7 9 9 2 6 8 
5 7 6 2 9 7 8 9 6 7 

Step 4:
5 8 5 9 9 4 7 6 8 8 
9 5 9 2 5 1 1 1 6 7 
1 3   8 7 1 4 6   4 
6 4 2 1 8 2 7 5 8 8 
4 7   1 5 2 6 6 9 9 
7 1 3 8 1 4 7 6 7 5 
1 8 8 6 6 5 5 7 7 8 
* 2   6 8 4 3 4 7 2 
7 8 5 4 7 9 9 2 6 8 
5 7 6 2 9 7 8 9 6 7 

Step 5:
5 8 5 9 9 4 7 6 8 8 
9 5 9 2 5 1 1 1 6 7 
1 3   8 7 1 4 6   4 
6 4 2 1 8 2 7 5 8 8 
4 7   1 5 2 6 6 9 9 
7 1 3 8 1 4 7 6 7 5 
* 8 8 6 6 5 5 7 7 8 
  2   6 8 4 3 4 7 2 
7 8 5 4 7 9 9 2 6 8 
5 7 6 2 9 7 8 9 6 7 

Step 6:
5 8 5 9 9 4 7 6 8 8 
9 5 9 2 5 1 1 1 6 7 
1 3   8 7 1 4 6   4 
6 4 2 1 8 2 7 5 8 8 
4 7   1 5 2 6 6 9 9 
7 1 3 8 1 4 7 6 7 5 
  8 8 6 6 5 5 7 * 8 
  2   6 8 4 3 4 7 2 
7 8 5 4 7 9 9 2 6 8 
5 7 6 2 9 7 8 9 6 7 

Step 7:
5 8 5 9 9 4 7 6 8 8 
9 5 9 2 5 1 1 1 6 7 
1 3   8 7 1 4 6   4 
6 4 2 1 8 2 7 5 8 8 
4 7   1 5 2 6 6 9 9 
7 1 3 8 1 4 7 6 7 5 
  * 8 6 6 5 5 7   8 
  2   6 8 4 3 4 7 2 
7 8 5 4 7 9 9 2 6 8 
5 7 6 2 9 7 8 9 6 7 

Step 8:
5 8 5 9 9 4 7 6 8 8 
9 5 9 2 5 1 1 1 6 7 
1 3   8 7 1 4 6   4 
6 4 2 1 8 2 7 5 8 8 
4 7   1 5 2 6 6 9 9 
7 * 3 8 1 4 7 6 7 5 
    8 6 6 5 5 7   8 
  2   6 8 4 3 4 7 2 
7 8 5 4 7 9 9 2 6 8 
5 7 6 2 9 7 8 9 6 7 

Step 9:
5 8 5 9 9 4 7 6 8 8 
9 5 9 2 5 1 1 1 6 7 
1 3   8 7 1 4 6   4 
6 4 2 1 8 2 7 5 8 8 
4 7   1 5 2 6 6 9 9 
7   3 8 * 4 7 6 7 5 
    8 6 6 5 5 7   8 
  2   6 8 4 3 4 7 2 
7 8 5 4 7 9 9 2 6 8 
5 7 6 2 9 7 8 9 6 7 

Step 10:
5 8 5 9 * 4 7 6 8 8 
9 5 9 2 5 1 1 1 6 7 
1 3   8 7 1 4 6   4 
6 4 2 1 8 2 7 5 8 8 
4 7   1 5 2 6 6 9 9 
7   3 8   4 7 6 7 5 
    8 6 6 5 5 7   8 
  2   6 8 4 3 4 7 2 
7 8 5 4 7 9 9 2 6 8 
5 7 6 2 9 7 8 9 6 7 

Step 11:
5 8 5 9   4 7 6 * 8 
9 5 9 2 5 1 1 1 6 7 
1 3   8 7 1 4 6   4 
6 4 2 1 8 2 7 5 8 8 
4 7   1 5 2 6 6 9 9 
7   3 8   4 7 6 7 5 
    8 6 6 5 5 7   8 
  2   6 8 4 3 4 7 2 
7 8 5 4 7 9 9 2 6 8 
5 7 6 2 9 7 8 9 6 7 

Step 12:
5 8 * 9   4 7 6   8 
9 5 9 2 5 1 1 1 6 7 
1 3   8 7 1 4 6   4 
6 4 2 1 8 2 7 5 8 8 
4 7   1 5 2 6 6 9 9 
7   3 8   4 7 6 7 5 
    8 6 6 5 5 7   8 
  2   6 8 4 3 4 7 2 
7 8 5 4 7 9 9 2 6 8 
5 7 6 2 9 7 8 9 6 7 

Step 13:
5 8   9   4 7 6   8 
9 5 9 2 5 1 1 1 6 7 
1 3   8 7 1 4 6   4 
6 4 2 1 8 2 7 5 8 8 
4 7   1 5 2 6 6 9 9 
7   3 8   4 7 6 7 5 
    8 6 6 5 5 7   8 
  2   6 8 4 3 4 7 2 
7 8 5 4 7 9 9 2 6 8 
5 7 * 2 9 7 8 9 6 7 

Step 14:
5 8   9   4 7 6   8 
9 5 9 2 5 1 1 1 6 7 
1 3   8 7 1 4 6   4 
6 4 2 1 8 2 7 5 8 8 
4 7   1 5 2 6 6 9 9 
7   3 8   4 7 6 7 5 
    8 6 6 5 5 7   8 
  2   6 8 4 3 4 7 2 
7 8 5 4 7 9 9 2 6 8 
5 7   2 * 7 8 9 6 7 

Step 15:
5 8   9   4 7 6   8 
9 5 9 2 5 1 1 1 6 7 
1 3   8 * 1 4 6   4 
6 4 2 1 8 2 7 5 8 8 
4 7   1 5 2 6 6 9 9 
7   3 8   4 7 6 7 5 
    8 6 6 5 5 7   8 
  2   6 8 4 3 4 7 2 
7 8 5 4 7 9 9 2 6 8 
5 7   2   7 8 9 6 7 

Step 16:
5 8   9   4 7 6   8 
9 5 9 2 5 1 1 1 6 7 
1 3   8   * 4 6   4 
6 4 2 1 8 2 7 5 8 8 
4 7   1 5 2 6 6 9 9 
7   3 8   4 7 6 7 5 
    8 6 6 5 5 7   8 
  2   6 8 4 3 4 7 2 
7 8 5 4 7 9 9 2 6 8 
5 7   2   7 8 9 6 7 

Step 17:
5 8   9   4 7 6   8 
9 5 9 2 5 * 1 1 6 7 
1 3   8     4 6   4 
6 4 2 1 8 2 7 5 8 8 
4 7   1 5 2 6 6 9 9 
7   3 8   4 7 6 7 5 
    8 6 6 5 5 7   8 
  2   6 8 4 3 4 7 2 
7 8 5 4 7 9 9 2 6 8 
5 7   2   7 8 9 6 7 

Step 18:
5 8   9   4 7 6   8 
* 5 9 2 5   1 1 6 7 
1 3   8     4 6   4 
6 4 2 1 8 2 7 5 8 8 
4 7   1 5 2 6 6 9 9 
7   3 8   4 7 6 7 5 
    8 6 6 5 5 7   8 
  2   6 8 4 3 4 7 2 
7 8 5 4 7 9 9 2 6 8 
5 7   2   7 8 9 6 7 

Step 19:
5 8   9   4 7 6   8 
  5 9 2 5   1 1 6 7 
* 3   8     4 6   4 
6 4 2 1 8 2 7 5 8 8 
4 7   1 5 2 6 6 9 9 
7   3 8   4 7 6 7 5 
    8 6 6 5 5 7   8 
  2   6 8 4 3 4 7 2 
7 8 5 4 7 9 9 2 6 8 
5 7   2   7 8 9 6 7 

Step 20:
5 8   9   4 7 6   8 
  5 9 2 5   1 1 6 7 
  3   8     4 6   4 
6 4 2 1 8 2 7 5 8 8 
4 7   1 5 2 6 6 9 9 
7   3 8   4 7 6 7 5 
    8 6 6 5 5 7   8 
  2   6 8 4 3 4 7 2 
* 8 5 4 7 9 9 2 6 8 
5 7   2   7 8 9 6 7 

Step 21:
5 8   9   4 7 6   8 
  5 9 2 5   1 1 6 7 
  3   8     4 6   4 
6 4 2 1 8 2 7 5 8 8 
4 7   1 5 2 6 6 9 9 
7   3 8   4 7 6 7 5 
    8 6 6 5 5 7   8 
  2   6 8 4 3 4 7 2 
  8 5 4 7 9 9 2 * 8 
5 7   2   7 8 9 6 7 

Step 22:
5 8   9   4 7 6   8 
  5 9 2 5   1 1 * 7 
  3   8     4 6   4 
6 4 2 1 8 2 7 5 8 8 
4 7   1 5 2 6 6 9 9 
7   3 8   4 7 6 7 5 
    8 6 6 5 5 7   8 
  2   6 8 4 3 4 7 2 
  8 5 4 7 9 9 2   8 
5 7   2   7 8 9 6 7 

Step 23:
5 8   9   4 7 6   8 
  5 9 2 5   1 *   7 
  3   8     4 6   4 
6 4 2 1 8 2 7 5 8 8 
4 7   1 5 2 6 6 9 9 
7   3 8   4 7 6 7 5 
    8 6 6 5 5 7   8 
  2   6 8 4 3 4 7 2 
  8 5 4 7 9 9 2   8 
5 7   2   7 8 9 6 7 

Step 24:
5 8   9   4 7 6   8 
  5 9 2 5   1     7 
  3   8     4 6   4 
6 4 2 1 8 2 7 5 8 8 
4 7   1 5 2 6 6 9 9 
7   3 8   4 7 6 7 5 
    8 6 6 5 5 7   8 
  2   6 8 4 3 * 7 2 
  8 5 4 7 9 9 2   8 
5 7   2   7 8 9 6 7 

Step 25:
5 8   9   4 7 *   8 
  5 9 2 5   1     7 
  3   8     4 6   4 
6 4 2 1 8 2 7 5 8 8 
4 7   1 5 2 6 6 9 9 
7   3 8   4 7 6 7 5 
    8 6 6 5 5 7   8 
  2   6 8 4 3   7 2 
  8 5 4 7 9 9 2   8 
5 7   2   7 8 9 6 7 

Step 26:
* 8   9   4 7     8 
  5 9 2 5   1     7 
  3   8     4 6   4 
6 4 2 1 8 2 7 5 8 8 
4 7   1 5 2 6 6 9 9 
7   3 8   4 7 6 7 5 
    8 6 6 5 5 7   8 
  2   6 8 4 3   7 2 
  8 5 4 7 9 9 2   8 
5 7   2   7 8 9 6 7 

Step 27:
  8   9   4 7     8 
  5 9 2 5   1     7 
  3   8     4 6   4 
6 4 2 1 8 2 7 5 8 8 
4 7   1 5 2 6 6 9 9 
7   3 8   * 7 6 7 5 
    8 6 6 5 5 7   8 
  2   6 8 4 3   7 2 
  8 5 4 7 9 9 2   8 
5 7   2   7 8 9 6 7 

Step 28:
  8   9   4 7     8 
  5 9 2 5   1     7 
  3   8     4 6   4 
6 4 2 1 8 * 7 5 8 8 
4 7   1 5 2 6 6 9 9 
7   3 8     7 6 7 5 
    8 6 6 5 5 7   8 
  2   6 8 4 3   7 2 
  8 5 4 7 9 9 2   8 
5 7   2   7 8 9 6 7 

