Initial Board:
7 1 2 1 6 5 2 2 5 5 
5 3 2 6 8 2 3 6 * 5 
1 7 3 6 9 4 9 6 7 8 
8 1 1 2 4 1 1 8 9 4 
9 4 7 3 2 6 9 6 4 9 
1 9 1 2 1 1 8 1 6 6 
1 4 2 4 2 8 6 1 4 8 
3 6 1 4 5 1 1 5 7 6 
9 8 6 1 9 2 1 8 2 1 
1 5 5 9 7 3 4 9 8 6 

Step 1:
7 1 2 1 6 5 2 2 5 5 
5 3 2 6 8 2 3 6   5 
1 7 3 6 9 4 9 6 7 8 
8 1 1 2 4 1 1 8 9 4 
9 4 7 3 2 6 9 6 4 9 
1 9 1 2 1 1 8 1 6 6 
1 4 2 4 2 8 6 1 4 8 
3 6 1 4 5 1 1 5 7 6 
9 8 6 1 9 2 1 8 * 1 
1 5 5 9 7 3 4 9 8 6 

Step 2:
7 1 2 1 6 5 2 2 5 5 
5 3 2 6 8 2 3 6   5 
1 7 3 6 9 4 9 6 7 8 
8 1 1 2 4 1 1 8 9 4 
9 4 7 3 2 6 9 6 4 9 
1 9 1 2 1 1 8 1 6 6 
1 4 2 4 2 8 6 1 4 8 
3 6 1 4 5 1 1 5 7 6 
* 8 6 1 9 2 1 8   1 
1 5 5 9 7 3 4 9 8 6 

Step 3:
7 1 2 1 6 5 2 2 5 5 
5 3 2 6 8 2 3 6   5 
1 7 3 6 9 4 9 6 7 8 
8 1 1 2 4 1 1 8 9 4 
9 4 7 3 2 6 9 6 4 9 
* 9 1 2 1 1 8 1 6 6 
1 4 2 4 2 8 6 1 4 8 
3 6 1 4 5 1 1 5 7 6 
  8 6 1 9 2 1 8   1 
1 5 5 9 7 3 4 9 8 6 

Step 4:
7 1 2 1 6 5 2 2 5 5 
5 3 2 6 8 2 3 6   5 
1 7 3 6 9 4 9 6 7 8 
8 1 1 2 4 1 1 8 9 4 
9 4 7 3 2 6 9 6 4 9 
  9 1 2 1 1 8 1 6 6 
* 4 2 4 2 8 6 1 4 8 
3 6 1 4 5 1 1 5 7 6 
  8 6 1 9 2 1 8   1 
1 5 5 9 7 3 4 9 8 6 

Step 5:
7 1 2 1 6 5 2 2 5 5 
5 3 2 6 8 2 3 6   5 
1 7 3 6 9 4 9 6 7 8 
8 1 1 2 4 1 1 8 9 4 
9 4 7 3 2 6 9 6 4 9 
  9 1 2 1 1 8 1 6 6 
  4 2 4 2 8 6 1 4 8 
3 6 1 4 5 1 1 5 7 6 
  8 6 1 9 2 1 8   1 
* 5 5 9 7 3 4 9 8 6 

Step 6:
7 1 2 1 6 5 2 2 5 5 
5 3 2 6 8 2 3 6   5 
1 7 3 6 9 4 9 6 7 8 
8 1 1 2 4 1 1 8 9 4 
9 4 7 3 2 6 9 6 4 9 
  9 1 2 1 1 8 1 6 6 
  4 2 4 2 8 6 1 4 8 
3 6 1 4 5 1 1 5 7 6 
  8 6 1 9 2 1 8   1 
  5 5 9 7 * 4 9 8 6 

Step 7:
7 1 2 1 6 5 2 2 5 5 
5 3 2 6 8 2 3 6   5 
1 7 3 6 9 4 9 6 7 8 
8 1 1 2 4 1 1 8 9 4 
9 4 7 3 2 6 9 6 4 9 
  9 1 2 1 1 8 1 6 6 
  4 2 4 2 8 6 1 4 8 
3 6 1 4 5 * 1 5 7 6 
  8 6 1 9 2 1 8   1 
  5 5 9 7   4 9 8 6 

Step 8:
7 1 2 1 6 5 2 2 5 5 
5 3 2 6 8 2 3 6   5 
1 7 3 6 9 4 9 6 7 8 
8 1 1 2 4 1 1 8 9 4 
9 4 7 3 2 6 9 6 4 9 
  9 1 2 1 1 8 1 6 6 
  4 2 4 2 8 6 1 4 8 
* 6 1 4 5   1 5 7 6 
  8 6 1 9 2 1 8   1 
  5 5 9 7   4 9 8 6 

Step 9:
7 1 2 1 6 5 2 2 5 5 
5 3 2 6 8 2 3 6   5 
1 7 3 6 9 4 9 6 7 8 
8 1 1 2 4 1 1 8 9 4 
9 4 7 3 2 6 9 6 4 9 
  9 1 2 1 1 8 1 6 6 
  4 2 4 2 8 6 1 4 8 
  6 1 4 5   * 5 7 6 
  8 6 1 9 2 1 8   1 
  5 5 9 7   4 9 8 6 

Step 10:
7 1 2 1 6 5 2 2 5 5 
5 3 2 6 8 2 * 6   5 
1 7 3 6 9 4 9 6 7 8 
8 1 1 2 4 1 1 8 9 4 
9 4 7 3 2 6 9 6 4 9 
  9 1 2 1 1 8 1 6 6 
  4 2 4 2 8 6 1 4 8 
  6 1 4 5     5 7 6 
  8 6 1 9 2 1 8   1 
  5 5 9 7   4 9 8 6 

Step 11:
7 1 2 1 6 5 2 2 5 5 
5 3 2 6 * 2   6   5 
1 7 3 6 9 4 9 6 7 8 
8 1 1 2 4 1 1 8 9 4 
9 4 7 3 2 6 9 6 4 9 
  9 1 2 1 1 8 1 6 6 
  4 2 4 2 8 6 1 4 8 
  6 1 4 5     5 7 6 
  8 6 1 9 2 1 8   1 
  5 5 9 7   4 9 8 6 

Step 12:
7 1 2 * 6 5 2 2 5 5 
5 3 2 6   2   6   5 
1 7 3 6 9 4 9 6 7 8 
8 1 1 2 4 1 1 8 9 4 
9 4 7 3 2 6 9 6 4 9 
  9 1 2 1 1 8 1 6 6 
  4 2 4 2 8 6 1 4 8 
  6 1 4 5     5 7 6 
  8 6 1 9 2 1 8   1 
  5 5 9 7   4 9 8 6 

Step 13:
7 1 2   6 5 2 2 5 5 
5 3 2 6   2   6   5 
1 7 3 6 9 4 9 6 7 8 
8 1 1 2 4 1 1 8 9 4 
9 4 7 3 2 6 9 6 4 9 
  9 1 2 1 1 8 1 6 6 
  4 2 * 2 8 6 1 4 8 
  6 1 4 5     5 7 6 
  8 6 1 9 2 1 8   1 
  5 5 9 7   4 9 8 6 

Step 14:
7 1 2   6 5 2 2 5 5 
5 3 2 6   2   6   5 
1 7 3 6 9 4 9 6 7 8 
8 1 1 2 4 1 1 8 9 4 
9 4 7 * 2 6 9 6 4 9 
  9 1 2 1 1 8 1 6 6 
  4 2   2 8 6 1 4 8 
  6 1 4 5     5 7 6 
  8 6 1 9 2 1 8   1 
  5 5 9 7   4 9 8 6 

Step 15:
7 1 2   6 5 2 2 5 5 
5 3 2 6   2   6   5 
1 7 3 * 9 4 9 6 7 8 
8 1 1 2 4 1 1 8 9 4 
9 4 7   2 6 9 6 4 9 
  9 1 2 1 1 8 1 6 6 
  4 2   2 8 6 1 4 8 
  6 1 4 5     5 7 6 
  8 6 1 9 2 1 8   1 
  5 5 9 7   4 9 8 6 

Step 16:
7 1 2   6 5 2 2 5 5 
5 3 2 6   2   6   5 
* 7 3   9 4 9 6 7 8 
8 1 1 2 4 1 1 8 9 4 
9 4 7   2 6 9 6 4 9 
  9 1 2 1 1 8 1 6 6 
  4 2   2 8 6 1 4 8 
  6 1 4 5     5 7 6 
  8 6 1 9 2 1 8   1 
  5 5 9 7   4 9 8 6 

Step 17:
7 1 2   6 5 2 2 5 5 
5 3 2 6   2   6   5 
  7 3   9 4 9 * 7 8 
8 1 1 2 4 1 1 8 9 4 
9 4 7   2 6 9 6 4 9 
  9 1 2 1 1 8 1 6 6 
  4 2   2 8 6 1 4 8 
  6 1 4 5     5 7 6 
  8 6 1 9 2 1 8   1 
  5 5 9 7   4 9 8 6 

Step 18:
7 1 2   6 5 2 2 5 5 
5 3 2 6   2   6   5 
  7 3   9 4 9   7 8 
8 1 1 2 4 1 * 8 9 4 
9 4 7   2 6 9 6 4 9 
  9 1 2 1 1 8 1 6 6 
  4 2   2 8 6 1 4 8 
  6 1 4 5     5 7 6 
  8 6 1 9 2 1 8   1 
  5 5 9 7   4 9 8 6 

Step 19:
7 1 2   6 5 2 2 5 5 
5 3 2 6   2   6   5 
  7 3   9 4 9   7 8 
8 1 1 2 4 *   8 9 4 
9 4 7   2 6 9 6 4 9 
  9 1 2 1 1 8 1 6 6 
  4 2   2 8 6 1 4 8 
  6 1 4 5     5 7 6 
  8 6 1 9 2 1 8   1 
  5 5 9 7   4 9 8 6 

Step 20:
7 1 2   6 5 2 2 5 5 
5 3 2 6   2   6   5 
  7 3   9 4 9   7 8 
8 * 1 2 4     8 9 4 
9 4 7   2 6 9 6 4 9 
  9 1 2 1 1 8 1 6 6 
  4 2   2 8 6 1 4 8 
  6 1 4 5     5 7 6 
  8 6 1 9 2 1 8   1 
  5 5 9 7   4 9 8 6 

Step 21:
7 1 2   6 5 2 2 5 5 
5 3 2 6   2   6   5 
  7 3   9 4 9   7 8 
8   1 2 4     8 9 4 
9 4 7   2 6 9 6 4 9 
  9 1 2 1 1 8 1 6 6 
  4 2   2 8 6 1 4 8 
  * 1 4 5     5 7 6 
  8 6 1 9 2 1 8   1 
  5 5 9 7   4 9 8 6 

Step 22:
7 1 2   6 5 2 2 5 5 
5 3 2 6   2   6   5 
  7 3   9 4 9   7 8 
8   1 2 4     8 9 4 
9 4 7   2 6 9 6 4 9 
  9 1 2 1 1 8 1 6 6 
  4 2   2 8 6 1 4 8 
    * 4 5     5 7 6 
  8 6 1 9 2 1 8   1 
  5 5 9 7   4 9 8 6 

Step 23:
7 1 2   6 5 2 2 5 5 
5 3 2 6   2   6   5 
  7 3   9 4 9   7 8 
8   1 2 4     8 9 4 
9 4 7   2 6 9 6 4 9 
  9 * 2 1 1 8 1 6 6 
  4 2   2 8 6 1 4 8 
      4 5     5 7 6 
  8 6 1 9 2 1 8   1 
  5 5 9 7   4 9 8 6 

Step 24:
7 1 2   6 5 2 2 5 5 
5 3 2 6   2   6   5 
  7 3   9 4 9   7 8 
8   1 2 4     8 9 4 
9 4 7   2 6 9 6 4 9 
  9   2 * 1 8 1 6 6 
  4 2   2 8 6 1 4 8 
      4 5     5 7 6 
  8 6 1 9 2 1 8   1 
  5 5 9 7   4 9 8 6 

Step 25:
7 1 2   6 5 2 2 5 5 
5 3 2 6   2   6   5 
  7 3   9 4 9   7 8 
8   1 2 *     8 9 4 
9 4 7   2 6 9 6 4 9 
  9   2   1 8 1 6 6 
  4 2   2 8 6 1 4 8 
      4 5     5 7 6 
  8 6 1 9 2 1 8   1 
  5 5 9 7   4 9 8 6 

Step 26:
7 1 2   6 5 2 2 5 5 
5 3 2 6   2   6   5 
  7 3   9 4 9   7 8 
8   * 2       8 9 4 
9 4 7   2 6 9 6 4 9 
  9   2   1 8 1 6 6 
  4 2   2 8 6 1 4 8 
      4 5     5 7 6 
  8 6 1 9 2 1 8   1 
  5 5 9 7   4 9 8 6 

Step 27:
7 1 *   6 5 2 2 5 5 
5 3 2 6   2   6   5 
  7 3   9 4 9   7 8 
8     2       8 9 4 
9 4 7   2 6 9 6 4 9 
  9   2   1 8 1 6 6 
  4 2   2 8 6 1 4 8 
      4 5     5 7 6 
  8 6 1 9 2 1 8   1 
  5 5 9 7   4 9 8 6 

Step 28:
7 1     6 5 2 2 5 5 
5 3 2 6   2   6   5 
  7 *   9 4 9   7 8 
8     2       8 9 4 
9 4 7   2 6 9 6 4 9 
  9   2   1 8 1 6 6 
  4 2   2 8 6 1 4 8 
      4 5     5 7 6 
  8 6 1 9 2 1 8   1 
  5 5 9 7   4 9 8 6 

Step 29:
7 1     6 5 2 2 5 5 
5 3 2 6   2   6   5 
  7     9 4 9   7 8 
8     2       8 9 4 
9 4 7   * 6 9 6 4 9 
  9   2   1 8 1 6 6 
  4 2   2 8 6 1 4 8 
      4 5     5 7 6 
  8 6 1 9 2 1 8   1 
  5 5 9 7   4 9 8 6 

Step 30:
7 1     6 5 2 2 5 5 
5 3 2 6   2   6   5 
  7     9 4 9   7 8 
8     2       8 9 4 
9 4 7     6 9 6 4 9 
  9   2   1 8 1 6 6 
  4 *   2 8 6 1 4 8 
      4 5     5 7 6 
  8 6 1 9 2 1 8   1 
  5 5 9 7   4 9 8 6 

