Initial Board:
1 9 2 6 2 4 7 7 2 1 
9 6 4 3 7 5 7 7 7 1 
1 5 9 8 9 3 8 2 4 3 
6 4 8 2 4 5 8 7 4 8 
8 7 4 3 1 3 6 3 1 7 
2 6 8 1 8 * 8 8 9 1 
2 8 2 6 7 1 1 3 4 9 
8 4 6 5 8 5 2 2 8 3 
2 2 9 3 8 5 8 3 1 8 
7 1 6 3 5 5 5 5 3 7 

Step 1:
1 9 2 6 2 4 7 7 2 1 
9 6 4 3 7 5 7 7 7 1 
1 5 9 8 9 * 8 2 4 3 
6 4 8 2 4 5 8 7 4 8 
8 7 4 3 1 3 6 3 1 7 
2 6 8 1 8   8 8 9 1 
2 8 2 6 7 1 1 3 4 9 
8 4 6 5 8 5 2 2 8 3 
2 2 9 3 8 5 8 3 1 8 
7 1 6 3 5 5 5 5 3 7 

Step 2:
1 9 2 6 2 4 7 7 2 1 
9 6 4 3 7 5 7 7 7 1 
1 5 9 8 9   8 2 4 3 
6 4 8 2 4 5 8 7 4 8 
8 7 4 3 1 3 6 3 1 7 
2 6 8 1 8   8 8 9 1 
2 8 2 6 7 1 1 3 4 9 
8 4 6 5 8 * 2 2 8 3 
2 2 9 3 8 5 8 3 1 8 
7 1 6 3 5 5 5 5 3 7 

Step 3:
1 9 2 6 2 4 7 7 2 1 
9 6 4 3 7 5 7 7 7 1 
1 5 9 8 9   8 2 4 3 
6 4 8 2 4 5 8 7 4 8 
8 7 4 3 1 3 6 3 1 7 
2 6 8 1 8   8 8 9 1 
2 8 2 6 7 * 1 3 4 9 
8 4 6 5 8   2 2 8 3 
2 2 9 3 8 5 8 3 1 8 
7 1 6 3 5 5 5 5 3 7 

Step 4:
1 9 2 6 2 4 7 7 2 1 
9 6 4 3 7 5 7 7 7 1 
1 5 9 8 9   8 2 4 3 
6 4 8 2 4 5 8 7 4 8 
8 7 4 3 1 3 6 3 1 7 
2 6 8 1 8   8 8 9 1 
2 8 2 6 7   * 3 4 9 
8 4 6 5 8   2 2 8 3 
2 2 9 3 8 5 8 3 1 8 
7 1 6 3 5 5 5 5 3 7 

Step 5:
1 9 2 6 2 4 7 7 2 1 
9 6 4 3 7 5 7 7 7 1 
1 5 9 8 9   8 2 4 3 
6 4 8 2 4 5 8 7 4 8 
8 7 4 3 1 3 6 3 1 7 
2 6 8 1 8   8 8 9 1 
2 8 2 6 7     3 4 9 
8 4 6 5 8   2 2 8 3 
2 2 9 3 8 5 * 3 1 8 
7 1 6 3 5 5 5 5 3 7 

Step 6:
1 9 2 6 2 4 7 7 2 1 
9 6 4 3 7 5 7 7 7 1 
1 5 9 8 9   8 2 4 3 
6 4 8 2 4 5 8 7 4 8 
8 7 4 3 1 3 6 3 1 7 
2 6 8 1 8   8 8 9 1 
2 8 2 6 7     3 4 9 
8 4 6 5 8   2 2 8 3 
2 * 9 3 8 5   3 1 8 
7 1 6 3 5 5 5 5 3 7 

Step 7:
1 9 2 6 2 4 7 7 2 1 
9 6 4 3 7 5 7 7 7 1 
1 5 9 8 9   8 2 4 3 
6 4 8 2 4 5 8 7 4 8 
8 * 4 3 1 3 6 3 1 7 
2 6 8 1 8   8 8 9 1 
2 8 2 6 7     3 4 9 
8 4 6 5 8   2 2 8 3 
2   9 3 8 5   3 1 8 
7 1 6 3 5 5 5 5 3 7 

Step 8:
1 * 2 6 2 4 7 7 2 1 
9 6 4 3 7 5 7 7 7 1 
1 5 9 8 9   8 2 4 3 
6 4 8 2 4 5 8 7 4 8 
8   4 3 1 3 6 3 1 7 
2 6 8 1 8   8 8 9 1 
2 8 2 6 7     3 4 9 
8 4 6 5 8   2 2 8 3 
2   9 3 8 5   3 1 8 
7 1 6 3 5 5 5 5 3 7 

Step 9:
1   2 6 2 4 7 7 2 1 
9 6 4 3 7 5 7 7 7 1 
1 5 9 8 9   8 2 4 3 
6 4 8 2 4 5 8 7 4 8 
8   4 3 1 3 6 3 1 7 
2 6 8 1 8   8 8 9 1 
2 * 2 6 7     3 4 9 
8 4 6 5 8   2 2 8 3 
2   9 3 8 5   3 1 8 
7 1 6 3 5 5 5 5 3 7 

Step 10:
1   2 6 2 4 7 7 2 1 
9 6 4 3 7 5 7 7 7 1 
1 5 9 8 9   8 2 4 3 
6 4 8 2 4 5 8 7 4 8 
8   4 3 1 3 6 3 1 7 
2 6 8 1 8   8 8 9 1 
2   2 * 7     3 4 9 
8 4 6 5 8   2 2 8 3 
2   9 3 8 5   3 1 8 
7 1 6 3 5 5 5 5 3 7 

Step 11:
1   2 6 2 4 7 7 2 1 
9 6 4 3 7 5 7 7 7 1 
1 5 9 8 9   8 2 4 3 
6 4 8 2 4 5 8 7 4 8 
8   4 3 1 3 6 3 1 7 
2 6 8 * 8   8 8 9 1 
2   2   7     3 4 9 
8 4 6 5 8   2 2 8 3 
2   9 3 8 5   3 1 8 
7 1 6 3 5 5 5 5 3 7 

Step 12:
1   2 6 2 4 7 7 2 1 
9 6 4 3 7 5 7 7 7 1 
1 5 9 * 9   8 2 4 3 
6 4 8 2 4 5 8 7 4 8 
8   4 3 1 3 6 3 1 7 
2 6 8   8   8 8 9 1 
2   2   7     3 4 9 
8 4 6 5 8   2 2 8 3 
2   9 3 8 5   3 1 8 
7 1 6 3 5 5 5 5 3 7 

Step 13:
1   2 6 2 4 7 7 2 1 
9 6 4 3 7 5 7 7 7 1 
1 5 9   9   8 2 4 3 
6 4 8 2 4 5 8 7 4 8 
8   4 * 1 3 6 3 1 7 
2 6 8   8   8 8 9 1 
2   2   7     3 4 9 
8 4 6 5 8   2 2 8 3 
2   9 3 8 5   3 1 8 
7 1 6 3 5 5 5 5 3 7 

Step 14:
1   2 6 2 4 7 7 2 1 
9 6 4 3 7 5 7 7 7 1 
1 5 9   9   8 2 4 3 
6 4 8 2 4 5 8 7 4 8 
8   4   * 3 6 3 1 7 
2 6 8   8   8 8 9 1 
2   2   7     3 4 9 
8 4 6 5 8   2 2 8 3 
2   9 3 8 5   3 1 8 
7 1 6 3 5 5 5 5 3 7 

Step 15:
1   2 6 * 4 7 7 2 1 
9 6 4 3 7 5 7 7 7 1 
1 5 9   9   8 2 4 3 
6 4 8 2 4 5 8 7 4 8 
8   4     3 6 3 1 7 
2 6 8   8   8 8 9 1 
2   2   7     3 4 9 
8 4 6 5 8   2 2 8 3 
2   9 3 8 5   3 1 8 
7 1 6 3 5 5 5 5 3 7 

Step 16:
1   2 6   4 7 7 2 1 
9 6 4 3 7 5 7 7 7 1 
1 5 9   9   8 2 4 3 
6 4 8 2 4 5 8 7 4 8 
8   4     3 6 3 1 7 
2 6 8   8   8 8 9 1 
2   2   7     3 4 9 
8 4 6 5 *   2 2 8 3 
2   9 3 8 5   3 1 8 
7 1 6 3 5 5 5 5 3 7 

