Initial Board:
7 1 2 1 6 5 2 2 5 5 
5 3 2 6 8 2 3 6 * 5 
1 7 3 6 9 4 9 6 7 8 
8 1 1 2 4 1 1 8 9 4 
9 4 7 3 2 6 9 6 4 9 
1 9 1 2 1 1 8 1 6 6 
1 4 2 4 2 8 6 1 4 8 
3 6 1 4 5 1 1 5 7 6 
9 8 6 1 9 2 1 8 2 1 
1 5 5 9 7 3 4 9 8 6 

Step 1:
7 1 2 1 6 5 2 2 5 5 
5 3 2 6 8 2 3 6   5 
1 7 3 6 9 4 9 6 7 8 
8 1 1 2 4 1 1 8 9 4 
9 4 7 3 2 6 9 6 4 9 
1 9 1 2 1 1 8 1 6 6 
1 4 2 4 2 8 6 1 4 8 
3 6 1 4 5 1 1 5 7 6 
9 8 6 1 9 2 1 8 * 1 
1 5 5 9 7 3 4 9 8 6 

Step 2:
7 1 2 1 6 5 2 2 5 5 
5 3 2 6 8 2 3 6   5 
1 7 3 6 9 4 9 6 7 8 
8 1 1 2 4 1 1 8 9 4 
9 4 7 3 2 6 9 6 4 9 
1 9 1 2 1 1 8 1 6 6 
1 4 2 4 2 8 6 1 4 8 
3 6 1 4 5 1 1 5 7 6 
* 8 6 1 9 2 1 8   1 
1 5 5 9 7 3 4 9 8 6 

Step 3:
7 1 2 1 6 5 2 2 5 5 
5 3 2 6 8 2 3 6   5 
1 7 3 6 9 4 9 6 7 8 
8 1 1 2 4 1 1 8 9 4 
9 4 7 3 2 6 9 6 4 9 
* 9 1 2 1 1 8 1 6 6 
1 4 2 4 2 8 6 1 4 8 
3 6 1 4 5 1 1 5 7 6 
  8 6 1 9 2 1 8   1 
1 5 5 9 7 3 4 9 8 6 

Step 4:
7 1 2 1 6 5 2 2 5 5 
5 3 2 6 8 2 3 6   5 
1 7 3 6 9 4 9 6 7 8 
8 1 1 2 4 1 1 8 9 4 
9 4 7 3 2 6 9 6 4 9 
  9 1 2 1 1 8 1 6 * 
1 4 2 4 2 8 6 1 4 8 
3 6 1 4 5 1 1 5 7 6 
  8 6 1 9 2 1 8   1 
1 5 5 9 7 3 4 9 8 6 

Step 5:
7 1 2 1 6 5 2 2 5 5 
5 3 2 6 8 2 3 6   5 
1 7 3 6 9 4 9 6 7 8 
8 1 1 2 4 1 1 8 9 4 
9 4 7 3 2 6 9 6 4 9 
  9 1 * 1 1 8 1 6   
1 4 2 4 2 8 6 1 4 8 
3 6 1 4 5 1 1 5 7 6 
  8 6 1 9 2 1 8   1 
1 5 5 9 7 3 4 9 8 6 

Step 6:
7 1 2 1 6 5 2 2 5 5 
5 3 2 6 8 2 3 6   5 
1 7 3 6 9 4 9 6 7 8 
8 1 1 2 4 * 1 8 9 4 
9 4 7 3 2 6 9 6 4 9 
  9 1   1 1 8 1 6   
1 4 2 4 2 8 6 1 4 8 
3 6 1 4 5 1 1 5 7 6 
  8 6 1 9 2 1 8   1 
1 5 5 9 7 3 4 9 8 6 

Step 7:
7 1 2 1 6 5 2 2 5 5 
5 3 2 6 8 2 3 6   5 
1 7 3 6 9 4 9 6 7 8 
8 1 1 2 4   1 8 9 4 
9 4 7 3 2 6 9 6 4 9 
  9 1   1 1 8 1 6   
1 4 2 4 2 8 6 1 4 8 
3 6 1 4 5 1 1 5 7 6 
  8 6 1 9 2 1 8   1 
1 5 5 9 7 * 4 9 8 6 

Step 8:
7 1 2 1 6 5 2 2 5 5 
5 3 2 6 8 2 3 6   5 
1 7 3 6 9 4 9 6 7 8 
8 1 1 2 4   1 8 9 4 
9 4 7 3 2 6 9 6 4 9 
  9 1   1 1 8 1 6   
1 4 2 4 2 8 6 1 4 8 
3 6 1 4 5 1 1 5 7 6 
  8 6 1 9 2 1 8   1 
1 5 5 9 7   4 9 8 * 

Step 9:
7 1 2 1 6 5 2 2 5 5 
5 3 2 6 8 2 3 6   5 
1 7 3 6 9 4 9 6 7 8 
8 1 1 2 4   1 8 9 4 
9 4 7 3 2 6 9 6 4 9 
  9 1   1 1 8 1 6   
1 4 2 4 2 8 6 1 4 8 
3 6 1 4 5 1 1 5 7 6 
  8 6 1 9 2 1 8   * 
1 5 5 9 7   4 9 8   

Step 10:
7 1 2 1 6 5 2 2 5 5 
5 3 2 6 8 2 3 6   5 
1 7 3 6 9 4 9 6 7 * 
8 1 1 2 4   1 8 9 4 
9 4 7 3 2 6 9 6 4 9 
  9 1   1 1 8 1 6   
1 4 2 4 2 8 6 1 4 8 
3 6 1 4 5 1 1 5 7 6 
  8 6 1 9 2 1 8     
1 5 5 9 7   4 9 8   

Step 11:
7 1 2 1 6 5 2 2 5 5 
5 3 2 6 8 2 3 6   5 
1 7 3 6 9 4 9 6 7   
8 1 1 2 4   1 8 9 4 
9 4 7 3 2 6 9 6 4 9 
  9 1   1 1 8 1 6   
1 4 2 4 2 8 6 1 4 * 
3 6 1 4 5 1 1 5 7 6 
  8 6 1 9 2 1 8     
1 5 5 9 7   4 9 8   

Step 12:
7 1 2 1 6 5 2 2 5 5 
5 3 2 6 8 2 3 6   5 
1 7 3 6 9 4 9 6 7   
8 1 1 2 4   1 8 9 4 
9 4 7 3 2 6 9 6 4 9 
  9 1   1 1 8 1 6   
1 4 2 4 2 * 6 1 4   
3 6 1 4 5 1 1 5 7 6 
  8 6 1 9 2 1 8     
1 5 5 9 7   4 9 8   

Step 13:
7 1 2 1 6 5 2 2 5 5 
5 3 2 6 8 2 3 6   5 
1 7 3 6 9 4 9 6 7   
8 1 1 2 4   1 8 9 4 
9 4 7 3 2 6 9 6 4 9 
  9 1   1 * 8 1 6   
1 4 2 4 2   6 1 4   
3 6 1 4 5 1 1 5 7 6 
  8 6 1 9 2 1 8     
1 5 5 9 7   4 9 8   

Step 14:
7 1 2 1 6 5 2 2 5 5 
5 3 2 6 8 2 3 6   5 
1 7 3 6 9 4 9 6 7   
8 1 1 * 4   1 8 9 4 
9 4 7 3 2 6 9 6 4 9 
  9 1   1   8 1 6   
1 4 2 4 2   6 1 4   
3 6 1 4 5 1 1 5 7 6 
  8 6 1 9 2 1 8     
1 5 5 9 7   4 9 8   

Step 15:
* 1 2 1 6 5 2 2 5 5 
5 3 2 6 8 2 3 6   5 
1 7 3 6 9 4 9 6 7   
8 1 1   4   1 8 9 4 
9 4 7 3 2 6 9 6 4 9 
  9 1   1   8 1 6   
1 4 2 4 2   6 1 4   
3 6 1 4 5 1 1 5 7 6 
  8 6 1 9 2 1 8     
1 5 5 9 7   4 9 8   

Step 16:
  * 2 1 6 5 2 2 5 5 
5 3 2 6 8 2 3 6   5 
1 7 3 6 9 4 9 6 7   
8 1 1   4   1 8 9 4 
9 4 7 3 2 6 9 6 4 9 
  9 1   1   8 1 6   
1 4 2 4 2   6 1 4   
3 6 1 4 5 1 1 5 7 6 
  8 6 1 9 2 1 8     
1 5 5 9 7   4 9 8   

Step 17:
    2 1 6 5 2 2 5 5 
5 3 2 6 8 2 3 6   5 
1 7 3 6 9 4 9 6 7   
8 * 1   4   1 8 9 4 
9 4 7 3 2 6 9 6 4 9 
  9 1   1   8 1 6   
1 4 2 4 2   6 1 4   
3 6 1 4 5 1 1 5 7 6 
  8 6 1 9 2 1 8     
1 5 5 9 7   4 9 8   

Step 18:
    2 1 6 5 2 2 5 5 
5 3 2 6 8 2 3 6   5 
1 7 3 6 9 4 9 6 7   
8   1   4   1 8 9 4 
9 4 7 3 2 6 9 6 4 9 
  9 1   1   8 1 6   
1 4 2 4 2   6 1 4   
3 * 1 4 5 1 1 5 7 6 
  8 6 1 9 2 1 8     
1 5 5 9 7   4 9 8   

Step 19:
    2 1 6 5 2 2 5 5 
5 3 2 6 8 2 3 6   5 
1 7 3 6 9 4 9 6 7   
8   1   4   1 8 9 4 
9 4 7 3 2 6 9 6 4 9 
  9 1   1   8 1 6   
1 4 2 4 2   6 1 4   
3   * 4 5 1 1 5 7 6 
  8 6 1 9 2 1 8     
1 5 5 9 7   4 9 8   

Step 20:
    2 1 6 5 2 2 5 5 
5 3 2 6 8 2 3 6   5 
1 7 3 6 9 4 9 6 7   
8   1   4   1 8 9 4 
9 4 7 3 2 6 9 6 4 9 
  9 *   1   8 1 6   
1 4 2 4 2   6 1 4   
3     4 5 1 1 5 7 6 
  8 6 1 9 2 1 8     
1 5 5 9 7   4 9 8   

Step 21:
    2 1 6 5 2 2 5 5 
5 3 2 6 8 2 3 6   5 
1 7 3 6 9 * 9 6 7   
8   1   4   1 8 9 4 
9 4 7 3 2 6 9 6 4 9 
  9     1   8 1 6   
1 4 2 4 2   6 1 4   
3     4 5 1 1 5 7 6 
  8 6 1 9 2 1 8     
1 5 5 9 7   4 9 8   

Step 22:
    2 1 6 * 2 2 5 5 
5 3 2 6 8 2 3 6   5 
1 7 3 6 9   9 6 7   
8   1   4   1 8 9 4 
9 4 7 3 2 6 9 6 4 9 
  9     1   8 1 6   
1 4 2 4 2   6 1 4   
3     4 5 1 1 5 7 6 
  8 6 1 9 2 1 8     
1 5 5 9 7   4 9 8   

Step 23:
    2 1 6   2 2 5 5 
5 3 2 6 8 2 3 6   5 
1 7 3 6 9   9 6 7   
8   1   4   1 8 * 4 
9 4 7 3 2 6 9 6 4 9 
  9     1   8 1 6   
1 4 2 4 2   6 1 4   
3     4 5 1 1 5 7 6 
  8 6 1 9 2 1 8     
1 5 5 9 7   4 9 8   

Step 24:
    2 1 6   2 2 5 5 
5 3 2 6 8 2 3 6   5 
1 7 3 6 9   9 6 7   
8   1   4   1 8   4 
9 4 7 3 2 6 9 6 4 9 
  9     1   8 1 6   
1 4 2 4 2   6 1 4   
3     4 5 1 1 5 * 6 
  8 6 1 9 2 1 8     
1 5 5 9 7   4 9 8   

Step 25:
    2 1 6   2 2 5 5 
5 3 2 6 8 2 3 6   5 
1 7 3 6 9   9 6 7   
8   1   4   1 8   4 
9 4 7 3 2 6 9 6 4 9 
  9     1   8 1 6   
1 4 2 4 2   6 1 4   
3     * 5 1 1 5   6 
  8 6 1 9 2 1 8     
1 5 5 9 7   4 9 8   

Step 26:
    2 1 6   2 2 5 5 
5 3 2 6 8 2 3 6   5 
1 7 3 6 9   9 6 7   
8   1   4   1 8   4 
9 4 7 3 2 6 9 6 4 9 
  *     1   8 1 6   
1 4 2 4 2   6 1 4   
3       5 1 1 5   6 
  8 6 1 9 2 1 8     
1 5 5 9 7   4 9 8   

Step 27:
    2 1 6   2 2 5 5 
5 3 2 6 8 2 3 6   5 
1 7 3 6 9   9 6 7   
8   1   4   1 8   4 
9 4 7 3 2 6 9 6 4 9 
        1   8 1 6   
1 4 2 4 2   6 1 4   
3       5 1 1 5   6 
  8 6 1 9 2 1 8     
1 * 5 9 7   4 9 8   

Step 28:
    2 1 6   2 2 5 5 
5 * 2 6 8 2 3 6   5 
1 7 3 6 9   9 6 7   
8   1   4   1 8   4 
9 4 7 3 2 6 9 6 4 9 
        1   8 1 6   
1 4 2 4 2   6 1 4   
3       5 1 1 5   6 
  8 6 1 9 2 1 8     
1   5 9 7   4 9 8   

Step 29:
    2 1 6   2 2 5 5 
5   2 * 8 2 3 6   5 
1 7 3 6 9   9 6 7   
8   1   4   1 8   4 
9 4 7 3 2 6 9 6 4 9 
        1   8 1 6   
1 4 2 4 2   6 1 4   
3       5 1 1 5   6 
  8 6 1 9 2 1 8     
1   5 9 7   4 9 8   

Step 30:
    2 1 6   2 2 5 5 
5   2   8 2 3 6   5 
1 7 3 6 9   9 6 7   
8   1   4   1 8   4 
* 4 7 3 2 6 9 6 4 9 
        1   8 1 6   
1 4 2 4 2   6 1 4   
3       5 1 1 5   6 
  8 6 1 9 2 1 8     
1   5 9 7   4 9 8   

Step 31:
    2 1 6   2 2 5 5 
5   2   8 2 3 6   5 
1 7 3 6 9   9 6 7   
8   1   4   1 8   4 
  4 7 3 * 6 9 6 4 9 
        1   8 1 6   
1 4 2 4 2   6 1 4   
3       5 1 1 5   6 
  8 6 1 9 2 1 8     
1   5 9 7   4 9 8   

Step 32:
    2 1 6   2 2 5 5 
5   2   8 2 3 6   5 
1 7 3 6 9   9 6 7   
8   1   4   1 8   4 
  * 7 3   6 9 6 4 9 
        1   8 1 6   
1 4 2 4 2   6 1 4   
3       5 1 1 5   6 
  8 6 1 9 2 1 8     
1   5 9 7   4 9 8   

Step 33:
    2 1 6   2 2 5 5 
5   2   8 2 3 6   5 
1 7 3 6 9   9 6 7   
8   1   4   1 8   4 
    7 3   6 9 6 * 9 
        1   8 1 6   
1 4 2 4 2   6 1 4   
3       5 1 1 5   6 
  8 6 1 9 2 1 8     
1   5 9 7   4 9 8   

Step 34:
    2 1 6   2 2 5 5 
5   2   8 2 3 6   5 
1 7 3 6 9   9 6 7   
8   1   4   1 8   4 
    * 3   6 9 6   9 
        1   8 1 6   
1 4 2 4 2   6 1 4   
3       5 1 1 5   6 
  8 6 1 9 2 1 8     
1   5 9 7   4 9 8   

Step 35:
    2 1 6   2 2 5 5 
5   2   8 2 3 6   5 
1 7 3 6 9   9 6 7   
8   1   4   1 8   4 
      3   * 9 6   9 
        1   8 1 6   
1 4 2 4 2   6 1 4   
3       5 1 1 5   6 
  8 6 1 9 2 1 8     
1   5 9 7   4 9 8   

Step 36:
    2 1 6   2 2 5 5 
5   2   8 2 3 6   5 
1 7 3 6 9   9 6 7   
8   1   4   1 8   4 
      3     9 6   9 
        *   8 1 6   
1 4 2 4 2   6 1 4   
3       5 1 1 5   6 
  8 6 1 9 2 1 8     
1   5 9 7   4 9 8   

Step 37:
    2 1 6   2 2 5 5 
5   2   8 2 3 6   5 
1 7 3 6 9   9 6 7   
8   1   4   1 8   4 
      3     9 6   9 
            8 1 6   
1 4 2 4 2   6 1 4   
3       * 1 1 5   6 
  8 6 1 9 2 1 8     
1   5 9 7   4 9 8   

Step 38:
    2 1 6   2 2 5 5 
5   2   8 2 3 6   5 
1 7 3 6 9   9 6 7   
8   1   4   1 8   4 
      3     9 6   9 
            8 1 6   
1 4 2 4 2   6 1 4   
3         1 1 5   6 
  8 6 1 9 2 1 8     
1   5 9 7   * 9 8   

Step 39:
    2 1 6   2 2 5 5 
5   2   8 2 3 6   5 
1 7 3 6 9   9 6 7   
8   1   4   1 8   4 
      3     9 6   9 
            8 1 6   
1 4 2 4 2   6 1 4   
3         1 1 5   6 
  8 6 1 9 2 * 8     
1   5 9 7     9 8   

Step 40:
    2 1 6   2 2 5 5 
5   2   8 2 3 6   5 
1 7 3 6 9   9 6 7   
8   1   4   1 8   4 
      3     9 6   9 
            8 1 6   
1 4 2 4 2   6 1 4   
3         1 * 5   6 
  8 6 1 9 2   8     
1   5 9 7     9 8   

Step 41:
    2 1 6   2 2 5 5 
5   2   8 2 * 6   5 
1 7 3 6 9   9 6 7   
8   1   4   1 8   4 
      3     9 6   9 
            8 1 6   
1 4 2 4 2   6 1 4   
3         1   5   6 
  8 6 1 9 2   8     
1   5 9 7     9 8   

Step 42:
    2 1 6   2 2 5 5 
5   2   * 2   6   5 
1 7 3 6 9   9 6 7   
8   1   4   1 8   4 
      3     9 6   9 
            8 1 6   
1 4 2 4 2   6 1 4   
3         1   5   6 
  8 6 1 9 2   8     
1   5 9 7     9 8   

Step 43:
    2 * 6   2 2 5 5 
5   2     2   6   5 
1 7 3 6 9   9 6 7   
8   1   4   1 8   4 
      3     9 6   9 
            8 1 6   
1 4 2 4 2   6 1 4   
3         1   5   6 
  8 6 1 9 2   8     
1   5 9 7     9 8   

Step 44:
    2   6   2 2 5 5 
5   2     2   6   5 
1 * 3 6 9   9 6 7   
8   1   4   1 8   4 
      3     9 6   9 
            8 1 6   
1 4 2 4 2   6 1 4   
3         1   5   6 
  8 6 1 9 2   8     
1   5 9 7     9 8   

Step 45:
    2   6   2 2 5 5 
5   2     2   6   5 
1   3 6 *   9 6 7   
8   1   4   1 8   4 
      3     9 6   9 
            8 1 6   
1 4 2 4 2   6 1 4   
3         1   5   6 
  8 6 1 9 2   8     
1   5 9 7     9 8   

Step 46:
    2   6   * 2 5 5 
5   2     2   6   5 
1   3 6     9 6 7   
8   1   4   1 8   4 
      3     9 6   9 
            8 1 6   
1 4 2 4 2   6 1 4   
3         1   5   6 
  8 6 1 9 2   8     
1   5 9 7     9 8   

Step 47:
    2   6     2 * 5 
5   2     2   6   5 
1   3 6     9 6 7   
8   1   4   1 8   4 
      3     9 6   9 
            8 1 6   
1 4 2 4 2   6 1 4   
3         1   5   6 
  8 6 1 9 2   8     
1   5 9 7     9 8   

Step 48:
    2   6     2   5 
5   2     2   6   5 
1   3 6     9 6 7   
8   1   4   1 8   4 
      3     9 6   9 
            8 1 6   
1 4 * 4 2   6 1 4   
3         1   5   6 
  8 6 1 9 2   8     
1   5 9 7     9 8   

Step 49:
    2   6     2   5 
5   2     2   6   5 
1   3 6     9 6 7   
8   1   4   1 8   4 
      3     9 6   9 
            8 1 6   
1 4   4 2   * 1 4   
3         1   5   6 
  8 6 1 9 2   8     
1   5 9 7     9 8   

Step 50:
    2   6     2   5 
5   2     2   6   5 
1   3 6     9 6 7   
8   1   4   1 8   4 
      3     9 6   9 
            8 1 6   
1 4   4 2     * 4   
3         1   5   6 
  8 6 1 9 2   8     
1   5 9 7     9 8   

Step 51:
    2   6     2   5 
5   2     2   6   5 
1   3 6     9 6 7   
8   1   4   1 8   4 
      3     9 6   9 
            8 * 6   
1 4   4 2       4   
3         1   5   6 
  8 6 1 9 2   8     
1   5 9 7     9 8   

