Initial Board:
4 6 9 8 3 7 1 7 5 3 
2 2 4 6 1 9 2 8 1 6 
2 7 6 4 3 8 3 9 3 2 
8 9 8 4 4 7 6 * 7 4 
4 2 9 7 5 7 6 3 6 8 
1 8 1 5 3 8 2 1 6 2 
8 6 9 2 3 4 2 8 7 9 
8 8 6 9 8 3 5 3 4 3 
6 4 7 8 5 3 6 5 5 4 
6 9 3 3 2 4 5 6 7 6 

Step 1:
4 6 9 8 3 7 1 7 5 3 
2 2 4 6 1 9 2 8 1 6 
2 7 6 4 3 8 3 9 3 2 
8 9 8 4 4 7 6   7 4 
4 2 9 7 5 7 6 3 6 8 
1 8 1 5 3 8 2 1 6 2 
8 6 9 2 3 4 2 * 7 9 
8 8 6 9 8 3 5 3 4 3 
6 4 7 8 5 3 6 5 5 4 
6 9 3 3 2 4 5 6 7 6 

Step 2:
4 6 9 8 3 7 1 7 5 3 
2 2 4 6 1 9 2 8 1 6 
2 7 6 4 3 8 3 9 3 2 
8 9 8 4 4 7 6   7 4 
4 2 9 7 5 7 6 3 6 8 
1 8 1 5 3 8 2 * 6 2 
8 6 9 2 3 4 2   7 9 
8 8 6 9 8 3 5 3 4 3 
6 4 7 8 5 3 6 5 5 4 
6 9 3 3 2 4 5 6 7 6 

Step 3:
4 6 9 8 3 7 1 7 5 3 
2 2 4 6 1 9 2 8 1 6 
2 7 6 4 3 8 3 * 3 2 
8 9 8 4 4 7 6   7 4 
4 2 9 7 5 7 6 3 6 8 
1 8 1 5 3 8 2   6 2 
8 6 9 2 3 4 2   7 9 
8 8 6 9 8 3 5 3 4 3 
6 4 7 8 5 3 6 5 5 4 
6 9 3 3 2 4 5 6 7 6 

Step 4:
4 6 9 8 3 7 1 7 5 3 
2 2 4 6 1 9 2 8 1 6 
2 7 6 4 * 8 3   3 2 
8 9 8 4 4 7 6   7 4 
4 2 9 7 5 7 6 3 6 8 
1 8 1 5 3 8 2   6 2 
8 6 9 2 3 4 2   7 9 
8 8 6 9 8 3 5 3 4 3 
6 4 7 8 5 3 6 5 5 4 
6 9 3 3 2 4 5 6 7 6 

Step 5:
4 6 9 8 3 7 1 7 5 3 
2 2 4 6 * 9 2 8 1 6 
2 7 6 4   8 3   3 2 
8 9 8 4 4 7 6   7 4 
4 2 9 7 5 7 6 3 6 8 
1 8 1 5 3 8 2   6 2 
8 6 9 2 3 4 2   7 9 
8 8 6 9 8 3 5 3 4 3 
6 4 7 8 5 3 6 5 5 4 
6 9 3 3 2 4 5 6 7 6 

Step 6:
4 6 9 8 3 7 1 7 5 3 
2 2 4 6   9 2 8 1 6 
2 7 6 4   8 3   3 2 
8 9 8 4 4 7 6   7 4 
4 2 9 7 5 7 6 3 6 8 
* 8 1 5 3 8 2   6 2 
8 6 9 2 3 4 2   7 9 
8 8 6 9 8 3 5 3 4 3 
6 4 7 8 5 3 6 5 5 4 
6 9 3 3 2 4 5 6 7 6 

Step 7:
4 6 9 8 3 7 1 7 5 3 
* 2 4 6   9 2 8 1 6 
2 7 6 4   8 3   3 2 
8 9 8 4 4 7 6   7 4 
4 2 9 7 5 7 6 3 6 8 
  8 1 5 3 8 2   6 2 
8 6 9 2 3 4 2   7 9 
8 8 6 9 8 3 5 3 4 3 
6 4 7 8 5 3 6 5 5 4 
6 9 3 3 2 4 5 6 7 6 

Step 8:
4 6 9 8 3 7 1 7 5 3 
  2 4 6   9 2 8 1 6 
2 7 6 4   8 3   3 2 
* 9 8 4 4 7 6   7 4 
4 2 9 7 5 7 6 3 6 8 
  8 1 5 3 8 2   6 2 
8 6 9 2 3 4 2   7 9 
8 8 6 9 8 3 5 3 4 3 
6 4 7 8 5 3 6 5 5 4 
6 9 3 3 2 4 5 6 7 6 

Step 9:
4 6 9 8 3 7 1 7 5 3 
  2 4 6   9 2 8 1 6 
2 7 6 4   8 3   3 2 
  9 8 4 4 7 6   7 4 
4 2 9 7 5 7 6 3 6 8 
  8 1 5 3 8 2   6 2 
8 6 9 2 3 4 2   7 9 
* 8 6 9 8 3 5 3 4 3 
6 4 7 8 5 3 6 5 5 4 
6 9 3 3 2 4 5 6 7 6 

Step 10:
4 6 9 8 3 7 1 7 5 3 
  2 4 6   9 2 8 1 6 
2 7 6 4   8 3   3 2 
  9 8 4 4 7 6   7 4 
4 2 9 7 5 7 6 3 6 8 
  8 1 5 3 8 2   6 2 
8 6 9 2 3 4 2   7 9 
  8 6 9 8 3 5 3 * 3 
6 4 7 8 5 3 6 5 5 4 
6 9 3 3 2 4 5 6 7 6 

Step 11:
4 6 9 8 3 7 1 7 * 3 
  2 4 6   9 2 8 1 6 
2 7 6 4   8 3   3 2 
  9 8 4 4 7 6   7 4 
4 2 9 7 5 7 6 3 6 8 
  8 1 5 3 8 2   6 2 
8 6 9 2 3 4 2   7 9 
  8 6 9 8 3 5 3   3 
6 4 7 8 5 3 6 5 5 4 
6 9 3 3 2 4 5 6 7 6 

Step 12:
4 6 9 8 3 7 1 7   3 
  2 4 6   9 2 8 * 6 
2 7 6 4   8 3   3 2 
  9 8 4 4 7 6   7 4 
4 2 9 7 5 7 6 3 6 8 
  8 1 5 3 8 2   6 2 
8 6 9 2 3 4 2   7 9 
  8 6 9 8 3 5 3   3 
6 4 7 8 5 3 6 5 5 4 
6 9 3 3 2 4 5 6 7 6 

Step 13:
4 6 9 8 3 7 1 7   3 
  2 4 6   9 2 8   6 
2 7 6 4   8 3   3 2 
  9 8 4 4 7 6   7 4 
4 2 9 7 5 7 6 3 * 8 
  8 1 5 3 8 2   6 2 
8 6 9 2 3 4 2   7 9 
  8 6 9 8 3 5 3   3 
6 4 7 8 5 3 6 5 5 4 
6 9 3 3 2 4 5 6 7 6 

Step 14:
4 6 9 8 3 7 1 7   3 
  2 4 6   9 2 8   6 
2 7 6 4   8 3   3 2 
  9 8 4 4 7 6   7 4 
4 2 9 7 5 * 6 3   8 
  8 1 5 3 8 2   6 2 
8 6 9 2 3 4 2   7 9 
  8 6 9 8 3 5 3   3 
6 4 7 8 5 3 6 5 5 4 
6 9 3 3 2 4 5 6 7 6 

Step 15:
4 6 9 8 3 7 1 7   3 
  2 4 6   9 2 8   6 
2 7 6 4   8 3   3 2 
  9 8 4 4 7 6   7 4 
* 2 9 7 5   6 3   8 
  8 1 5 3 8 2   6 2 
8 6 9 2 3 4 2   7 9 
  8 6 9 8 3 5 3   3 
6 4 7 8 5 3 6 5 5 4 
6 9 3 3 2 4 5 6 7 6 

Step 16:
4 6 9 8 3 7 1 7   3 
  2 4 6   9 2 8   6 
2 7 6 4   8 3   3 2 
  9 8 4 4 7 6   7 4 
  2 * 7 5   6 3   8 
  8 1 5 3 8 2   6 2 
8 6 9 2 3 4 2   7 9 
  8 6 9 8 3 5 3   3 
6 4 7 8 5 3 6 5 5 4 
6 9 3 3 2 4 5 6 7 6 

Step 17:
4 6 9 8 3 7 1 7   3 
  2 4 6   9 2 8   6 
2 7 6 4   8 3   3 2 
  9 8 4 4 7 6   7 4 
  2   7 5   6 3   8 
  8 * 5 3 8 2   6 2 
8 6 9 2 3 4 2   7 9 
  8 6 9 8 3 5 3   3 
6 4 7 8 5 3 6 5 5 4 
6 9 3 3 2 4 5 6 7 6 

Step 18:
4 6 9 8 3 7 1 7   3 
  2 4 6   9 2 8   6 
2 7 6 4   8 3   3 2 
  9 8 4 4 7 6   7 4 
  2   7 5   6 3   8 
  8   5 3 8 2   6 2 
8 6 9 2 3 4 2   7 9 
  8 6 9 * 3 5 3   3 
6 4 7 8 5 3 6 5 5 4 
6 9 3 3 2 4 5 6 7 6 

Step 19:
4 6 9 8 3 7 1 7   3 
  2 4 6   9 2 8   6 
2 7 6 4   8 3   3 2 
  9 8 4 4 7 6   7 4 
  2   7 *   6 3   8 
  8   5 3 8 2   6 2 
8 6 9 2 3 4 2   7 9 
  8 6 9   3 5 3   3 
6 4 7 8 5 3 6 5 5 4 
6 9 3 3 2 4 5 6 7 6 

Step 20:
4 6 9 8 * 7 1 7   3 
  2 4 6   9 2 8   6 
2 7 6 4   8 3   3 2 
  9 8 4 4 7 6   7 4 
  2   7     6 3   8 
  8   5 3 8 2   6 2 
8 6 9 2 3 4 2   7 9 
  8 6 9   3 5 3   3 
6 4 7 8 5 3 6 5 5 4 
6 9 3 3 2 4 5 6 7 6 

