Initial Board:
1 9 2 6 2 4 7 7 2 1 
9 6 4 3 7 5 7 7 7 1 
1 5 9 8 9 3 8 2 4 3 
6 4 8 2 4 5 8 7 4 8 
8 7 4 3 1 3 6 3 1 7 
2 6 8 1 8 * 8 8 9 1 
2 8 2 6 7 1 1 3 4 9 
8 4 6 5 8 5 2 2 8 3 
2 2 9 3 8 5 8 3 1 8 
7 1 6 3 5 5 5 5 3 7 

Step 1:
1 9 2 6 2 4 7 7 2 1 
9 6 4 3 7 5 7 7 7 1 
1 5 9 8 9 3 8 2 4 3 
6 4 8 2 4 5 8 7 4 8 
8 7 4 3 1 3 6 3 1 7 
2 6 8 1 8   8 8 9 1 
2 8 2 6 7 * 1 3 4 9 
8 4 6 5 8 5 2 2 8 3 
2 2 9 3 8 5 8 3 1 8 
7 1 6 3 5 5 5 5 3 7 

Step 2:
1 9 2 6 2 4 7 7 2 1 
9 6 4 3 7 5 7 7 7 1 
1 5 9 8 9 3 8 2 4 3 
6 4 8 2 4 5 8 7 4 8 
8 7 4 3 1 3 6 3 1 7 
2 6 8 1 8   8 8 9 1 
2 8 2 6 7   * 3 4 9 
8 4 6 5 8 5 2 2 8 3 
2 2 9 3 8 5 8 3 1 8 
7 1 6 3 5 5 5 5 3 7 

Step 3:
1 9 2 6 2 4 7 7 2 1 
9 6 4 3 7 5 7 7 7 1 
1 5 9 8 9 3 8 2 4 3 
6 4 8 2 4 5 8 7 4 8 
8 7 4 3 1 3 6 3 1 7 
2 6 8 1 8   8 8 9 1 
2 8 2 6 7     3 4 9 
8 4 6 5 8 5 2 2 8 3 
2 2 9 3 8 5 * 3 1 8 
7 1 6 3 5 5 5 5 3 7 

Step 4:
1 9 2 6 2 4 7 7 2 1 
9 6 4 3 7 5 7 7 7 1 
1 5 9 8 9 3 8 2 4 3 
6 4 8 2 4 5 8 7 4 8 
8 7 4 3 1 3 6 3 1 7 
2 6 8 1 8   8 8 9 1 
2 8 2 6 7     3 4 9 
8 4 6 5 8 5 2 2 8 3 
2 2 9 3 8 5   3 1 * 
7 1 6 3 5 5 5 5 3 7 

Step 5:
1 9 2 6 2 4 7 7 2 1 
9 6 4 3 7 5 7 7 7 1 
1 5 9 8 9 3 8 2 4 3 
6 4 8 2 4 5 8 7 4 8 
8 7 4 3 1 3 6 3 1 7 
2 6 8 1 8   8 8 9 * 
2 8 2 6 7     3 4 9 
8 4 6 5 8 5 2 2 8 3 
2 2 9 3 8 5   3 1   
7 1 6 3 5 5 5 5 3 7 

Step 6:
1 9 2 6 2 4 7 7 2 1 
9 6 4 3 7 5 7 7 7 1 
1 5 9 8 9 3 8 2 4 3 
6 4 8 2 4 5 8 7 4 8 
8 7 4 3 1 3 6 3 1 7 
* 6 8 1 8   8 8 9   
2 8 2 6 7     3 4 9 
8 4 6 5 8 5 2 2 8 3 
2 2 9 3 8 5   3 1   
7 1 6 3 5 5 5 5 3 7 

Step 7:
1 9 2 6 2 4 7 7 2 1 
9 6 4 3 7 5 7 7 7 1 
1 5 9 8 9 3 8 2 4 3 
6 4 8 2 4 5 8 7 4 8 
8 7 4 3 1 3 6 3 1 7 
  6 8 1 8   * 8 9   
2 8 2 6 7     3 4 9 
8 4 6 5 8 5 2 2 8 3 
2 2 9 3 8 5   3 1   
7 1 6 3 5 5 5 5 3 7 

Step 8:
1 9 2 6 2 4 7 7 2 1 
9 6 4 3 7 5 7 7 7 1 
1 5 9 * 9 3 8 2 4 3 
6 4 8 2 4 5 8 7 4 8 
8 7 4 3 1 3 6 3 1 7 
  6 8 1 8     8 9   
2 8 2 6 7     3 4 9 
8 4 6 5 8 5 2 2 8 3 
2 2 9 3 8 5   3 1   
7 1 6 3 5 5 5 5 3 7 

Step 9:
1 9 2 6 2 4 7 7 2 1 
9 6 4 3 7 5 7 7 7 1 
1 5 9   9 3 8 2 4 3 
6 4 8 2 4 5 8 7 4 8 
8 7 4 * 1 3 6 3 1 7 
  6 8 1 8     8 9   
2 8 2 6 7     3 4 9 
8 4 6 5 8 5 2 2 8 3 
2 2 9 3 8 5   3 1   
7 1 6 3 5 5 5 5 3 7 

Step 10:
1 9 2 6 2 4 7 7 2 1 
9 6 4 3 7 5 7 7 7 1 
1 5 9   9 3 8 2 4 3 
6 4 8 2 4 5 8 7 4 8 
8 7 4   1 3 6 3 1 7 
  6 8 * 8     8 9   
2 8 2 6 7     3 4 9 
8 4 6 5 8 5 2 2 8 3 
2 2 9 3 8 5   3 1   
7 1 6 3 5 5 5 5 3 7 

Step 11:
1 9 2 6 2 4 7 7 2 1 
9 6 4 3 7 5 7 7 7 1 
1 5 9   9 3 8 2 4 3 
6 4 8 2 4 5 8 7 4 8 
8 7 4   * 3 6 3 1 7 
  6 8   8     8 9   
2 8 2 6 7     3 4 9 
8 4 6 5 8 5 2 2 8 3 
2 2 9 3 8 5   3 1   
7 1 6 3 5 5 5 5 3 7 

Step 12:
1 9 2 6 * 4 7 7 2 1 
9 6 4 3 7 5 7 7 7 1 
1 5 9   9 3 8 2 4 3 
6 4 8 2 4 5 8 7 4 8 
8 7 4     3 6 3 1 7 
  6 8   8     8 9   
2 8 2 6 7     3 4 9 
8 4 6 5 8 5 2 2 8 3 
2 2 9 3 8 5   3 1   
7 1 6 3 5 5 5 5 3 7 

Step 13:
1 9 2 6   4 7 7 2 1 
9 6 4 3 7 5 7 7 7 1 
1 5 9   9 3 8 2 4 3 
6 * 8 2 4 5 8 7 4 8 
8 7 4     3 6 3 1 7 
  6 8   8     8 9   
2 8 2 6 7     3 4 9 
8 4 6 5 8 5 2 2 8 3 
2 2 9 3 8 5   3 1   
7 1 6 3 5 5 5 5 3 7 

Step 14:
1 9 2 6   4 7 7 2 1 
9 6 4 3 7 5 7 7 7 1 
* 5 9   9 3 8 2 4 3 
6   8 2 4 5 8 7 4 8 
8 7 4     3 6 3 1 7 
  6 8   8     8 9   
2 8 2 6 7     3 4 9 
8 4 6 5 8 5 2 2 8 3 
2 2 9 3 8 5   3 1   
7 1 6 3 5 5 5 5 3 7 

Step 15:
1 9 2 6   4 7 7 2 1 
9 6 4 3 7 5 7 7 7 1 
  5 9   9 3 8 2 4 3 
6   8 2 4 5 8 7 4 8 
8 7 4     3 6 3 1 7 
  6 8   8     8 9   
2 8 2 6 7     3 4 9 
8 4 6 5 8 5 2 2 8 3 
* 2 9 3 8 5   3 1   
7 1 6 3 5 5 5 5 3 7 

Step 16:
* 9 2 6   4 7 7 2 1 
9 6 4 3 7 5 7 7 7 1 
  5 9   9 3 8 2 4 3 
6   8 2 4 5 8 7 4 8 
8 7 4     3 6 3 1 7 
  6 8   8     8 9   
2 8 2 6 7     3 4 9 
8 4 6 5 8 5 2 2 8 3 
  2 9 3 8 5   3 1   
7 1 6 3 5 5 5 5 3 7 

Step 17:
  9 2 6   4 7 7 2 1 
9 6 4 3 7 5 7 7 7 1 
  5 9   9 3 8 2 4 3 
6   8 2 4 5 8 7 4 8 
8 7 4     3 6 3 1 7 
  6 8   8     8 9   
2 8 2 6 7     3 4 9 
8 4 6 5 8 5 2 2 8 3 
  2 9 3 8 5   3 1   
* 1 6 3 5 5 5 5 3 7 

Step 18:
  9 2 6   4 7 7 2 1 
9 6 4 3 7 5 7 7 7 1 
  5 9   9 3 8 2 4 3 
6   8 2 4 5 8 7 4 8 
8 7 4     3 6 3 1 7 
  6 8   8     8 9   
2 8 2 6 7     3 4 9 
8 4 6 5 8 5 2 2 8 3 
  2 9 3 8 5   3 1   
  * 6 3 5 5 5 5 3 7 

Step 19:
  9 2 6   4 7 7 2 1 
9 6 4 3 7 5 7 7 7 1 
  5 9   9 3 8 2 4 3 
6   8 2 4 5 8 7 4 8 
8 7 4     3 6 3 1 7 
  6 8   8     8 9   
2 8 2 6 7     3 4 9 
8 4 6 5 8 5 2 2 8 3 
  2 9 3 8 5   3 1   
    6 3 5 5 5 * 3 7 

Step 20:
  9 2 6   4 7 7 2 1 
9 6 4 3 7 5 7 7 7 1 
  5 9   9 3 8 2 4 3 
6   8 2 4 5 8 7 4 8 
8 7 4     3 6 3 1 7 
  6 8   8     8 9   
2 8 2 6 7     3 4 9 
8 4 6 5 8 5 2 2 8 3 
  2 9 3 8 5   3 1   
    * 3 5 5 5   3 7 

Step 21:
  9 * 6   4 7 7 2 1 
9 6 4 3 7 5 7 7 7 1 
  5 9   9 3 8 2 4 3 
6   8 2 4 5 8 7 4 8 
8 7 4     3 6 3 1 7 
  6 8   8     8 9   
2 8 2 6 7     3 4 9 
8 4 6 5 8 5 2 2 8 3 
  2 9 3 8 5   3 1   
      3 5 5 5   3 7 

Step 22:
  9   6   4 7 7 2 1 
9 6 4 3 7 5 7 7 7 1 
  5 9   9 3 8 2 4 3 
6   8 2 4 5 8 7 4 8 
8 7 *     3 6 3 1 7 
  6 8   8     8 9   
2 8 2 6 7     3 4 9 
8 4 6 5 8 5 2 2 8 3 
  2 9 3 8 5   3 1   
      3 5 5 5   3 7 

Step 23:
  9   6   4 7 7 2 1 
9 6 4 3 7 5 7 7 7 1 
  5 9   * 3 8 2 4 3 
6   8 2 4 5 8 7 4 8 
8 7       3 6 3 1 7 
  6 8   8     8 9   
2 8 2 6 7     3 4 9 
8 4 6 5 8 5 2 2 8 3 
  2 9 3 8 5   3 1   
      3 5 5 5   3 7 

Step 24:
  9   6   4 7 7 2 1 
9 6 4 3 7 5 7 7 7 1 
  5 9     3 8 2 4 3 
6   8 2 4 5 8 7 4 8 
8 7       3 6 3 1 7 
  6 8   8     8 9   
2 8 2 6 7     3 4 9 
8 4 6 5 8 5 2 2 8 * 
  2 9 3 8 5   3 1   
      3 5 5 5   3 7 

Step 25:
  9   6   4 7 7 2 1 
9 6 4 3 7 5 7 7 7 1 
  5 9     3 8 2 4 3 
6   8 2 4 5 8 7 4 8 
8 7       3 6 3 1 7 
  6 8   8     8 9   
2 8 2 6 7     3 4 9 
8 4 6 5 8 5 2 2 8   
  2 9 3 8 5   3 *   
      3 5 5 5   3 7 

Step 26:
  9   6   4 7 7 * 1 
9 6 4 3 7 5 7 7 7 1 
  5 9     3 8 2 4 3 
6   8 2 4 5 8 7 4 8 
8 7       3 6 3 1 7 
  6 8   8     8 9   
2 8 2 6 7     3 4 9 
8 4 6 5 8 5 2 2 8   
  2 9 3 8 5   3     
      3 5 5 5   3 7 

Step 27:
  9   6   4 7 7   * 
9 6 4 3 7 5 7 7 7 1 
  5 9     3 8 2 4 3 
6   8 2 4 5 8 7 4 8 
8 7       3 6 3 1 7 
  6 8   8     8 9   
2 8 2 6 7     3 4 9 
8 4 6 5 8 5 2 2 8   
  2 9 3 8 5   3     
      3 5 5 5   3 7 

Step 28:
  9   6   4 7 7     
9 6 4 3 7 5 7 7 7 1 
  5 9     3 8 2 4 3 
6   8 2 4 5 8 7 4 8 
8 7       3 6 3 1 7 
  6 8   8     8 9   
2 8 2 6 7     3 4 9 
8 4 * 5 8 5 2 2 8   
  2 9 3 8 5   3     
      3 5 5 5   3 7 

Step 29:
  9   6   4 7 7     
9 6 4 3 7 5 7 7 * 1 
  5 9     3 8 2 4 3 
6   8 2 4 5 8 7 4 8 
8 7       3 6 3 1 7 
  6 8   8     8 9   
2 8 2 6 7     3 4 9 
8 4   5 8 5 2 2 8   
  2 9 3 8 5   3     
      3 5 5 5   3 7 

Step 30:
  9   6   4 7 7     
9 6 4 3 7 5 7 7   1 
  5 9     3 8 2 4 3 
6   8 2 4 5 * 7 4 8 
8 7       3 6 3 1 7 
  6 8   8     8 9   
2 8 2 6 7     3 4 9 
8 4   5 8 5 2 2 8   
  2 9 3 8 5   3     
      3 5 5 5   3 7 

Step 31:
  9   *   4 7 7     
9 6 4 3 7 5 7 7   1 
  5 9     3 8 2 4 3 
6   8 2 4 5   7 4 8 
8 7       3 6 3 1 7 
  6 8   8     8 9   
2 8 2 6 7     3 4 9 
8 4   5 8 5 2 2 8   
  2 9 3 8 5   3     
      3 5 5 5   3 7 

Step 32:
  9       4 7 7     
9 6 4 3 7 5 7 7   1 
  5 9     3 8 2 4 3 
6   8 * 4 5   7 4 8 
8 7       3 6 3 1 7 
  6 8   8     8 9   
2 8 2 6 7     3 4 9 
8 4   5 8 5 2 2 8   
  2 9 3 8 5   3     
      3 5 5 5   3 7 

Step 33:
  9       4 7 7     
9 6 4 3 7 5 7 7   1 
  5 9     3 8 2 4 3 
6   8   4 5   * 4 8 
8 7       3 6 3 1 7 
  6 8   8     8 9   
2 8 2 6 7     3 4 9 
8 4   5 8 5 2 2 8   
  2 9 3 8 5   3     
      3 5 5 5   3 7 

Step 34:
  9       4 7 7     
9 6 4 3 7 5 7 *   1 
  5 9     3 8 2 4 3 
6   8   4 5     4 8 
8 7       3 6 3 1 7 
  6 8   8     8 9   
2 8 2 6 7     3 4 9 
8 4   5 8 5 2 2 8   
  2 9 3 8 5   3     
      3 5 5 5   3 7 

Step 35:
  9       4 7 7     
* 6 4 3 7 5 7     1 
  5 9     3 8 2 4 3 
6   8   4 5     4 8 
8 7       3 6 3 1 7 
  6 8   8     8 9   
2 8 2 6 7     3 4 9 
8 4   5 8 5 2 2 8   
  2 9 3 8 5   3     
      3 5 5 5   3 7 

Step 36:
  9       4 7 7     
  6 4 3 7 5 *     1 
  5 9     3 8 2 4 3 
6   8   4 5     4 8 
8 7       3 6 3 1 7 
  6 8   8     8 9   
2 8 2 6 7     3 4 9 
8 4   5 8 5 2 2 8   
  2 9 3 8 5   3     
      3 5 5 5   3 7 

Step 37:
  9       4 7 7     
  * 4 3 7 5       1 
  5 9     3 8 2 4 3 
6   8   4 5     4 8 
8 7       3 6 3 1 7 
  6 8   8     8 9   
2 8 2 6 7     3 4 9 
8 4   5 8 5 2 2 8   
  2 9 3 8 5   3     
      3 5 5 5   3 7 

Step 38:
  9       4 7 7     
    4 3 7 5       1 
  5 9     3 8 2 4 3 
6   8   4 5     4 8 
8 7       3 6 3 1 7 
  6 8   8     8 9   
2 * 2 6 7     3 4 9 
8 4   5 8 5 2 2 8   
  2 9 3 8 5   3     
      3 5 5 5   3 7 

Step 39:
  *       4 7 7     
    4 3 7 5       1 
  5 9     3 8 2 4 3 
6   8   4 5     4 8 
8 7       3 6 3 1 7 
  6 8   8     8 9   
2   2 6 7     3 4 9 
8 4   5 8 5 2 2 8   
  2 9 3 8 5   3     
      3 5 5 5   3 7 

Step 40:
          4 7 7     
    4 3 7 5       1 
  5 9     3 8 2 4 3 
6   8   4 5     4 8 
8 7       * 6 3 1 7 
  6 8   8     8 9   
2   2 6 7     3 4 9 
8 4   5 8 5 2 2 8   
  2 9 3 8 5   3     
      3 5 5 5   3 7 

