Initial Board:
4 6 9 8 3 7 1 7 5 3 
2 2 4 6 1 9 2 8 1 6 
2 7 6 4 3 8 3 9 3 2 
8 9 8 4 4 7 6 * 7 4 
4 2 9 7 5 7 6 3 6 8 
1 8 1 5 3 8 2 1 6 2 
8 6 9 2 3 4 2 8 7 9 
8 8 6 9 8 3 5 3 4 3 
6 4 7 8 5 3 6 5 5 4 
6 9 3 3 2 4 5 6 7 6 

Step 1:
4 6 9 8 3 7 1 7 5 3 
2 2 4 6 1 9 2 8 1 6 
2 7 6 4 3 8 3 9 3 2 
8 9 8 4 4 7 6   7 4 
4 2 9 7 5 7 6 3 6 8 
1 8 1 5 3 8 2 1 6 2 
8 6 9 2 3 4 2 * 7 9 
8 8 6 9 8 3 5 3 4 3 
6 4 7 8 5 3 6 5 5 4 
6 9 3 3 2 4 5 6 7 6 

Step 2:
4 6 9 8 3 7 1 7 5 3 
2 2 4 6 1 9 2 8 1 6 
2 7 6 4 3 8 3 9 3 2 
8 9 8 4 4 7 6   7 4 
4 2 9 7 5 7 6 3 6 8 
1 8 1 5 3 8 2 * 6 2 
8 6 9 2 3 4 2   7 9 
8 8 6 9 8 3 5 3 4 3 
6 4 7 8 5 3 6 5 5 4 
6 9 3 3 2 4 5 6 7 6 

Step 3:
4 6 9 8 3 7 1 7 5 3 
2 2 4 6 1 9 2 8 1 6 
2 7 6 4 3 8 3 * 3 2 
8 9 8 4 4 7 6   7 4 
4 2 9 7 5 7 6 3 6 8 
1 8 1 5 3 8 2   6 2 
8 6 9 2 3 4 2   7 9 
8 8 6 9 8 3 5 3 4 3 
6 4 7 8 5 3 6 5 5 4 
6 9 3 3 2 4 5 6 7 6 

Step 4:
4 6 9 8 3 7 1 7 5 3 
2 2 4 6 1 9 2 8 1 6 
2 7 6 4 * 8 3   3 2 
8 9 8 4 4 7 6   7 4 
4 2 9 7 5 7 6 3 6 8 
1 8 1 5 3 8 2   6 2 
8 6 9 2 3 4 2   7 9 
8 8 6 9 8 3 5 3 4 3 
6 4 7 8 5 3 6 5 5 4 
6 9 3 3 2 4 5 6 7 6 

Step 5:
4 6 9 8 3 7 1 7 5 3 
2 2 4 6 1 9 2 8 1 6 
2 7 6 4   8 3   3 2 
8 9 8 4 4 7 6   7 4 
4 2 9 7 5 7 6 3 6 8 
1 8 1 5 3 8 2   6 2 
* 6 9 2 3 4 2   7 9 
8 8 6 9 8 3 5 3 4 3 
6 4 7 8 5 3 6 5 5 4 
6 9 3 3 2 4 5 6 7 6 

Step 6:
4 6 9 8 3 7 1 7 5 3 
2 2 4 6 1 9 2 8 1 6 
2 7 6 4   8 3   3 2 
8 9 8 4 4 7 6   7 4 
4 2 9 7 5 7 6 3 6 8 
* 8 1 5 3 8 2   6 2 
  6 9 2 3 4 2   7 9 
8 8 6 9 8 3 5 3 4 3 
6 4 7 8 5 3 6 5 5 4 
6 9 3 3 2 4 5 6 7 6 

Step 7:
4 6 9 8 3 7 1 7 5 3 
* 2 4 6 1 9 2 8 1 6 
2 7 6 4   8 3   3 2 
8 9 8 4 4 7 6   7 4 
4 2 9 7 5 7 6 3 6 8 
  8 1 5 3 8 2   6 2 
  6 9 2 3 4 2   7 9 
8 8 6 9 8 3 5 3 4 3 
6 4 7 8 5 3 6 5 5 4 
6 9 3 3 2 4 5 6 7 6 

Step 8:
4 6 9 8 3 7 1 7 5 3 
  2 * 6 1 9 2 8 1 6 
2 7 6 4   8 3   3 2 
8 9 8 4 4 7 6   7 4 
4 2 9 7 5 7 6 3 6 8 
  8 1 5 3 8 2   6 2 
  6 9 2 3 4 2   7 9 
8 8 6 9 8 3 5 3 4 3 
6 4 7 8 5 3 6 5 5 4 
6 9 3 3 2 4 5 6 7 6 

Step 9:
4 6 9 8 3 7 1 7 5 3 
  2   6 1 9 2 8 1 6 
2 7 6 4   8 3   3 2 
8 9 8 4 4 7 6   7 4 
4 2 9 7 5 7 6 3 6 8 
  8 1 5 3 8 *   6 2 
  6 9 2 3 4 2   7 9 
8 8 6 9 8 3 5 3 4 3 
6 4 7 8 5 3 6 5 5 4 
6 9 3 3 2 4 5 6 7 6 

Step 10:
4 6 9 8 3 7 1 7 5 3 
  2   6 1 9 2 8 1 6 
2 7 6 4   8 3   3 2 
8 9 8 4 4 7 6   7 4 
4 2 9 7 5 7 6 3 6 8 
  8 1 5 3 8     6 2 
  6 9 2 3 4 2   7 9 
8 8 6 9 8 3 * 3 4 3 
6 4 7 8 5 3 6 5 5 4 
6 9 3 3 2 4 5 6 7 6 

Step 11:
4 6 9 8 3 7 1 7 5 3 
  2   6 1 9 2 8 1 6 
2 7 6 4   8 3   3 2 
8 9 8 4 4 7 6   7 4 
4 2 9 7 5 7 6 3 6 8 
  8 1 5 3 8     6 2 
  6 9 2 3 4 2   7 9 
8 8 6 9 8 3   3 4 * 
6 4 7 8 5 3 6 5 5 4 
6 9 3 3 2 4 5 6 7 6 

Step 12:
4 6 * 8 3 7 1 7 5 3 
  2   6 1 9 2 8 1 6 
2 7 6 4   8 3   3 2 
8 9 8 4 4 7 6   7 4 
4 2 9 7 5 7 6 3 6 8 
  8 1 5 3 8     6 2 
  6 9 2 3 4 2   7 9 
8 8 6 9 8 3   3 4   
6 4 7 8 5 3 6 5 5 4 
6 9 3 3 2 4 5 6 7 6 

Step 13:
4 6   8 3 7 1 7 5 3 
  2   6 1 9 2 8 1 6 
2 7 6 4   8 3   3 2 
8 9 8 4 4 7 6   7 4 
4 2 9 7 5 7 6 3 6 8 
  8 1 5 3 8     6 2 
  6 9 2 3 4 2   * 9 
8 8 6 9 8 3   3 4   
6 4 7 8 5 3 6 5 5 4 
6 9 3 3 2 4 5 6 7 6 

Step 14:
4 6   8 3 7 1 7 5 3 
  2   6 1 9 2 8 1 6 
2 7 6 4   8 3   3 2 
8 9 8 4 4 7 6   7 4 
4 2 9 7 5 7 6 3 6 8 
  8 1 5 3 8     6 2 
  6 9 2 3 4 2     9 
8 8 6 9 8 3   3 4   
6 4 7 8 5 3 6 5 5 4 
6 9 3 3 2 * 5 6 7 6 

Step 15:
4 6   8 3 7 1 7 5 3 
  2   6 1 9 2 8 1 6 
2 7 6 4   8 3   3 2 
8 9 8 4 4 7 6   7 4 
4 2 9 7 5 7 6 3 6 8 
  8 1 5 3 8     6 2 
  6 9 2 3 4 2     9 
8 8 6 9 8 3   3 4   
6 4 7 8 5 3 6 5 5 4 
6 9 3 * 2   5 6 7 6 

Step 16:
4 6   8 3 7 1 7 5 3 
  2   6 1 9 2 8 1 6 
2 7 6 4   8 3   3 2 
8 9 8 4 4 7 6   7 4 
4 2 9 7 5 7 6 3 6 8 
  8 1 5 3 8     6 2 
  6 9 2 3 4 2     9 
8 8 6 9 8 3   3 4   
6 4 7 8 5 3 6 5 5 4 
* 9 3   2   5 6 7 6 

Step 17:
4 6   8 3 7 1 7 5 3 
  2   6 1 9 2 8 1 6 
2 7 6 4   8 3   3 2 
8 9 8 4 4 7 6   7 4 
4 2 9 7 5 7 6 3 6 8 
  8 1 5 3 8     6 2 
  6 9 2 3 4 2     9 
8 8 6 9 8 3   3 4   
6 4 7 8 5 3 6 5 5 4 
  9 3   2   5 6 7 * 

Step 18:
4 6   8 3 7 1 7 5 3 
  2   6 1 9 2 8 1 6 
2 7 6 4   8 3   3 2 
8 9 8 4 4 7 6   7 4 
4 2 9 7 * 7 6 3 6 8 
  8 1 5 3 8     6 2 
  6 9 2 3 4 2     9 
8 8 6 9 8 3   3 4   
6 4 7 8 5 3 6 5 5 4 
  9 3   2   5 6 7   

Step 19:
4 6   8 3 7 1 7 5 3 
  2   6 1 9 2 8 1 6 
2 7 6 4   8 3   3 2 
8 9 8 4 4 7 6   7 4 
4 2 9 7   7 6 3 6 8 
  8 1 5 3 8     6 2 
  6 9 2 3 4 2     9 
8 8 6 9 * 3   3 4   
6 4 7 8 5 3 6 5 5 4 
  9 3   2   5 6 7   

Step 20:
4 6   8 3 7 1 7 5 3 
  2   6 1 9 2 8 1 6 
2 7 6 4   8 3   3 2 
8 9 8 4 4 7 6   * 4 
4 2 9 7   7 6 3 6 8 
  8 1 5 3 8     6 2 
  6 9 2 3 4 2     9 
8 8 6 9   3   3 4   
6 4 7 8 5 3 6 5 5 4 
  9 3   2   5 6 7   

Step 21:
4 6   8 3 7 1 7 5 3 
  2   6 1 9 2 8 1 6 
2 7 6 4   8 3   3 2 
8 9 8 4 4 7 6     4 
4 2 9 7   7 6 3 6 8 
  8 1 5 3 8     6 2 
  6 9 2 3 4 2     9 
8 8 6 9   3   3 4   
6 4 7 8 5 3 6 5 5 4 
  9 3   2   5 6 *   

Step 22:
4 6   8 3 7 1 7 5 3 
  2   6 1 9 2 8 1 6 
2 7 6 4   8 3   3 2 
8 9 8 4 4 7 6     4 
4 2 9 *   7 6 3 6 8 
  8 1 5 3 8     6 2 
  6 9 2 3 4 2     9 
8 8 6 9   3   3 4   
6 4 7 8 5 3 6 5 5 4 
  9 3   2   5 6     

Step 23:
4 6   8 3 7 1 * 5 3 
  2   6 1 9 2 8 1 6 
2 7 6 4   8 3   3 2 
8 9 8 4 4 7 6     4 
4 2 9     7 6 3 6 8 
  8 1 5 3 8     6 2 
  6 9 2 3 4 2     9 
8 8 6 9   3   3 4   
6 4 7 8 5 3 6 5 5 4 
  9 3   2   5 6     

Step 24:
4 6   8 3 7 1   5 3 
  2   6 1 9 2 8 1 6 
2 7 6 4   * 3   3 2 
8 9 8 4 4 7 6     4 
4 2 9     7 6 3 6 8 
  8 1 5 3 8     6 2 
  6 9 2 3 4 2     9 
8 8 6 9   3   3 4   
6 4 7 8 5 3 6 5 5 4 
  9 3   2   5 6     

Step 25:
4 6   8 3 7 1   5 3 
  2   6 1 9 2 8 1 6 
2 7 6 4     3   3 2 
8 9 8 4 4 7 6     4 
4 2 9     7 6 3 6 8 
  8 1 5 3 8     6 2 
  * 9 2 3 4 2     9 
8 8 6 9   3   3 4   
6 4 7 8 5 3 6 5 5 4 
  9 3   2   5 6     

Step 26:
4 6   8 3 7 1   5 3 
  2   6 1 9 2 8 1 6 
2 7 6 4     3   3 2 
8 9 8 4 4 7 6     4 
4 2 9     7 6 3 6 8 
  8 * 5 3 8     6 2 
    9 2 3 4 2     9 
8 8 6 9   3   3 4   
6 4 7 8 5 3 6 5 5 4 
  9 3   2   5 6     

Step 27:
4 6   8 3 7 1   5 3 
  2   6 1 9 2 8 1 6 
2 7 6 4     3   3 2 
* 9 8 4 4 7 6     4 
4 2 9     7 6 3 6 8 
  8   5 3 8     6 2 
    9 2 3 4 2     9 
8 8 6 9   3   3 4   
6 4 7 8 5 3 6 5 5 4 
  9 3   2   5 6     

Step 28:
4 6   8 3 7 1   5 3 
  2   6 1 9 2 8 1 6 
2 7 6 4     3   3 2 
  9 8 4 4 7 6     4 
4 2 9     7 6 3 6 8 
  8   5 3 8     6 2 
    9 2 3 4 2     9 
* 8 6 9   3   3 4   
6 4 7 8 5 3 6 5 5 4 
  9 3   2   5 6     

Step 29:
4 6   8 3 7 1   5 3 
  2   6 1 9 2 8 1 6 
2 7 6 4     3   3 2 
  9 8 4 4 7 6     4 
4 2 9     7 6 3 6 8 
  8   5 3 8     6 2 
    9 2 3 4 2     9 
  8 6 9   3   3 *   
6 4 7 8 5 3 6 5 5 4 
  9 3   2   5 6     

Step 30:
4 6   8 3 7 1   5 3 
  2   6 1 9 2 8 1 6 
2 7 6 4     3   3 2 
  9 8 4 4 7 6     4 
4 2 9     7 6 3 6 8 
  8   5 3 8     6 2 
    9 2 3 4 2     9 
  8 6 9   *   3     
6 4 7 8 5 3 6 5 5 4 
  9 3   2   5 6     

Step 31:
4 6   8 3 7 1   5 3 
  2   6 1 9 2 8 1 6 
2 7 6 4     3   3 2 
  9 8 4 4 7 6     4 
4 2 *     7 6 3 6 8 
  8   5 3 8     6 2 
    9 2 3 4 2     9 
  8 6 9       3     
6 4 7 8 5 3 6 5 5 4 
  9 3   2   5 6     

Step 32:
4 6   8 3 7 1   5 3 
  2   6 1 9 2 8 1 6 
2 7 6 4     3   3 2 
  9 8 4 4 7 6     4 
4 2       7 6 3 6 8 
  8   5 3 8     6 2 
    9 2 3 4 2     9 
  8 6 9       3     
6 4 7 8 5 3 6 5 5 4 
  9 3   2   5 *     

Step 33:
4 6   8 3 7 1   5 3 
  2   6 1 9 2 8 1 6 
2 7 6 4     3   3 2 
  9 8 4 4 7 6     4 
4 2       7 6 3 6 8 
  8   5 3 8     6 2 
    9 2 3 4 2     9 
  8 6 9       3     
6 4 7 8 5 3 6 5 5 4 
  9 *   2   5       

Step 34:
4 6   8 3 7 1   5 3 
  2   6 1 9 2 8 1 6 
2 7 * 4     3   3 2 
  9 8 4 4 7 6     4 
4 2       7 6 3 6 8 
  8   5 3 8     6 2 
    9 2 3 4 2     9 
  8 6 9       3     
6 4 7 8 5 3 6 5 5 4 
  9     2   5       

Step 35:
4 6   8 3 7 1   5 3 
  2   6 1 9 2 8 1 6 
2 7   4     3   3 2 
  9 8 4 4 7 6     4 
4 2       7 6 3 6 8 
  8   5 3 8     6 2 
    9 2 3 4 *     9 
  8 6 9       3     
6 4 7 8 5 3 6 5 5 4 
  9     2   5       

Step 36:
4 6   8 3 7 1   5 3 
  2   6 1 9 2 8 1 6 
2 7   4     3   3 2 
  9 8 4 4 7 6     4 
4 2       7 6 3 6 8 
  8   5 3 8     6 2 
    * 2 3 4       9 
  8 6 9       3     
6 4 7 8 5 3 6 5 5 4 
  9     2   5       

Step 37:
4 6   8 3 7 1   5 3 
  2   6 1 9 2 * 1 6 
2 7   4     3   3 2 
  9 8 4 4 7 6     4 
4 2       7 6 3 6 8 
  8   5 3 8     6 2 
      2 3 4       9 
  8 6 9       3     
6 4 7 8 5 3 6 5 5 4 
  9     2   5       

Step 38:
4 6   8 3 7 1   5 3 
  2   6 1 * 2   1 6 
2 7   4     3   3 2 
  9 8 4 4 7 6     4 
4 2       7 6 3 6 8 
  8   5 3 8     6 2 
      2 3 4       9 
  8 6 9       3     
6 4 7 8 5 3 6 5 5 4 
  9     2   5       

Step 39:
4 6   8 3 7 *   5 3 
  2   6 1   2   1 6 
2 7   4     3   3 2 
  9 8 4 4 7 6     4 
4 2       7 6 3 6 8 
  8   5 3 8     6 2 
      2 3 4       9 
  8 6 9       3     
6 4 7 8 5 3 6 5 5 4 
  9     2   5       

Step 40:
4 6   8 3 7     5 3 
  2   6 1   2   1 6 
2 7   4     *   3 2 
  9 8 4 4 7 6     4 
4 2       7 6 3 6 8 
  8   5 3 8     6 2 
      2 3 4       9 
  8 6 9       3     
6 4 7 8 5 3 6 5 5 4 
  9     2   5       

Step 41:
4 6   8 3 7     5 3 
  2   6 1   2   1 6 
2 7   4         3 2 
  9 8 4 4 7 6     4 
4 2       7 6 3 6 8 
  8   5 3 8     6 2 
      2 3 4       9 
  8 6 9       3     
6 4 7 8 5 3 * 5 5 4 
  9     2   5       

Step 42:
4 6   8 3 7     5 3 
  2   6 1   2   1 6 
2 7   4         3 2 
  9 8 4 4 7 6     4 
4 2       7 6 3 6 8 
  8   5 3 8     6 * 
      2 3 4       9 
  8 6 9       3     
6 4 7 8 5 3   5 5 4 
  9     2   5       

Step 43:
4 6   8 3 7     5 3 
  2   6 1   2   1 6 
2 7   4         3 2 
  9 8 4 4 7 6     4 
4 2       7 6 3 6 8 
  8   * 3 8     6   
      2 3 4       9 
  8 6 9       3     
6 4 7 8 5 3   5 5 4 
  9     2   5       

Step 44:
4 6   8 3 7     5 3 
  2   6 1   2   1 6 
2 7   4         3 2 
  9 8 4 4 7 6     4 
4 2       7 6 3 6 8 
  8     3 8     6   
      2 3 4       9 
  8 6 *       3     
6 4 7 8 5 3   5 5 4 
  9     2   5       

Step 45:
4 6   8 3 7     5 3 
  2   6 1   2   1 6 
2 7   4         3 2 
  9 8 4 4 7 6     4 
4 2       7 * 3 6 8 
  8     3 8     6   
      2 3 4       9 
  8 6         3     
6 4 7 8 5 3   5 5 4 
  9     2   5       

Step 46:
4 6   8 3 7     5 3 
  2   6 1   2   1 6 
2 7   4         3 2 
  9 8 4 4 7 6     4 
4 2       7   3 6 * 
  8     3 8     6   
      2 3 4       9 
  8 6         3     
6 4 7 8 5 3   5 5 4 
  9     2   5       

Step 47:
4 6   8 3 7     5 * 
  2   6 1   2   1 6 
2 7   4         3 2 
  9 8 4 4 7 6     4 
4 2       7   3 6   
  8     3 8     6   
      2 3 4       9 
  8 6         3     
6 4 7 8 5 3   5 5 4 
  9     2   5       

Step 48:
4 6   8 3 7     5   
  2   6 1   2   * 6 
2 7   4         3 2 
  9 8 4 4 7 6     4 
4 2       7   3 6   
  8     3 8     6   
      2 3 4       9 
  8 6         3     
6 4 7 8 5 3   5 5 4 
  9     2   5       

Step 49:
4 6   8 3 7     5   
  2   6 1   2     6 
2 7   4         3 2 
  9 8 4 4 7 6     4 
4 2       7   3 *   
  8     3 8     6   
      2 3 4       9 
  8 6         3     
6 4 7 8 5 3   5 5 4 
  9     2   5       

Step 50:
4 6   8 3 7     5   
  2   6 1   2     6 
2 7   4         3 2 
  9 8 4 4 7 6     4 
4 2       *   3     
  8     3 8     6   
      2 3 4       9 
  8 6         3     
6 4 7 8 5 3   5 5 4 
  9     2   5       

Step 51:
4 6   8 3 7     5   
  2   6 1   2     6 
2 7   4         3 2 
  9 8 4 4 7 6     4 
4 2           3     
  8     3 8     6   
      2 3 4       9 
  8 *         3     
6 4 7 8 5 3   5 5 4 
  9     2   5       

Step 52:
4 6   8 3 7     5   
  2   6 1   2     6 
2 7   4         3 2 
  9 8 4 4 7 6     4 
4 2           3     
  8     * 8     6   
      2 3 4       9 
  8           3     
6 4 7 8 5 3   5 5 4 
  9     2   5       

Step 53:
4 6   8 3 7     5   
  2   6 1   2     6 
2 7   4         3 2 
  9 8 4 4 7 6     4 
4 2           3     
  8       8     6   
      2 3 4       9 
  8           3     
6 4 7 8 * 3   5 5 4 
  9     2   5       

Step 54:
4 6   8 3 7     5   
  2   6 1   2     6 
2 7   4         3 2 
  9 8 4 4 7 6     4 
4 2           3     
  8       8     6   
      2 3 4       9 
  8           3     
6 4 7 8   3   * 5 4 
  9     2   5       

